ABCDE
201
0 6.64703488464852
1 6.56114600046126
2 6.53898090433855
3 6.60972580122181
4 6.53859004223380
5 6.44163389211144
6 6.50130860368699
7 6.28691857072680
8 6.43540591312998
9 6.30663013317433
10 6.35236084801713
11 6.22054794676315
12 6.04765158117911
13 6.15643014111487
14 6.03865818953522
15 6.18088236881838
16 6.11807285541331
17 6.07978845367642
18 5.99566918673418
19 6.01161529884774
20 6.06627433956824
21 5.93667330956724
22 5.96759240296601
23 6.07649762343507
24 5.94328205418284
25 5.99537196544172
26 5.96948870011145
27 6.04297576440765
28 6.04898515133167
29 5.96364182947136
30 5.93810333156754
31 6.08820538302680
32 6.01501920519242
33 6.00516345389175
34 6.00023529618826
35 6.00791517835671
36 6.02054176297878
37 6.12633505076551
38 5.98447435544387
39 6.00931506625005
40 6.13295555266988
41 6.09360435857444
42 5.93231478480050
43 6.05522656757765
44 6.01928889187142
45 6.06784600808752
46 6.08997150642379
47 6.02721590688314
48 5.84036607300686
49 5.88324468143316
50 5.72116699944982
51 5.79810806906487
52 5.77573948587409
53 5.69820059595983
54 5.64279842992644
55 5.59263032329679
56 5.60503368678365
57 5.34910802730809
58 5.51552650489021
59 5.41489383636927
60 5.29005682734428
61 5.33927439250223
62 5.27018183645288
63 5.06088718896464
64 4.95097430770821
65 4.99681425013207
66 5.01268077020306
67 4.96963846102589
68 4.94760802995505
69 4.88541096801109
70 5.00745816162899
71 4.97718336758468
72 4.84709096996566
73 4.82499111612665
74 4.83074874542221
75 4.88505959066196
76 4.91330165651135
77 4.96112647995491
78 4.99410801778169
79 5.01518396717095
80 4.90120286020044
81 5.10903060799468
82 4.96927268402892
83 5.22417920308153
84 5.22319902436426
85 5.31053674700572
86 5.36203349470906
87 5.47861058819057
88 5.44012587826352
89 5.51006389494139
90 5.54745919538272
91 5.65155493138909
92 5.58599986110205
93 5.79015587491027
94 5.83732253189116
95 5.75292642705346
96 5.73012194908174
97 5.84703533782737
98 5.75560961022005
99 6.00225835058047
100 6.01437461309036
101 5.91013117230073
102 5.81863568835284
103 5.96673099964576
104 5.82591146769939
105 5.68253915609511
106 5.78269504511350
107 5.55343007082373
108 5.45652617844256
109 5.52958587351408
110 5.32312384893549
111 5.33278655143566
112 5.20746168074990
113 5.06643422235481
114 5.08498768038440
115 4.76797441258501
116 4.77828818558941
117 4.53489522742535
118 4.42487185248576
119 4.46903720216735
120 4.29623224556241
121 4.25884354204245
122 4.27441414426772
123 4.19994301074871
124 4.02223856187335
125 3.95314429773360
126 3.87915238807464
127 3.94175238912768
128 3.92352774957819
129 3.78231224228636
130 3.83752242090294
131 3.68935461729140
132 3.64548900179855
133 3.61109276015590
134 3.77138068354897
135 3.71430045923550
136 3.69764292544813
137 3.76901751619804
138 3.56356703091595
139 3.77483081154588
140 3.85863399788780
141 3.88533867443804
142 3.87360570790941
143 4.03396504015797
144 3.92336062677774
145 4.00109159347737
146 4.00793571524516
147 3.99751480438414
148 4.07160093936705
149 4.07495452713361
150 4.09815298967466
151 3.93747800245134
152 4.05887806162460
153 4.00171560982948
154 4.05811031377083
155 4.01959736397118
156 3.94685166698376
157 3.84998311048361
158 3.95429759196536
159 3.87619348700815
160 3.72950075913897
161 3.86095879737167
162 3.68331613412445
163 3.80171553910492
164 3.65606011538162
165 3.52371629913874
166 3.49840067114215
167 3.36559212704856
168 3.43153717568816
169 3.39537945100432
170 3.27945500001359
171 3.25260554561113
172 3.21490675475174
173 3.23867199001988
174 3.07171309046165
175 3.09640429230871
176 3.13086827427713
177 3.27924031044360
178 3.15806704970835
179 3.08176797142035
180 3.17133250902192
181 3.12542716899927
182 3.10571871392335
183 3.05224671702103
184 3.31833873540259
185 3.28104258127650
186 3.27262786302296
187 3.34343368409991
188 3.27220096003744
189 3.46295570984095
190 3.41866006796940
191 3.57047307618107
192 3.55917218056934
193 3.59150474676371
194 3.76282567152906
195 3.76399241558554
196 3.66529008128791
197 3.81974852668674
198 3.89192910385233
199 3.98774725349295
200 3.84735504419937
