BetterTechnology
201
0 7.33776919256685
1 7.30319885849925
2 7.27211969538483
3 7.19358764936894
4 7.10842845750461
5 7.02036614034078
6 6.91855334085745
7 6.83188622619349
8 6.74581394709447
9 6.64546664065674
10 6.57928330629219
11 6.48043805226091
12 6.33599676221156
13 6.24198542524334
14 6.17816640990682
15 6.06955965998801
16 5.97576679379945
17 5.86298567061242
18 5.79807885728976
19 5.73580521702422
20 5.63794537467736
21 5.56353968306918
22 5.48360269390810
23 5.45444129659907
24 5.40868945727216
25 5.37373935860029
26 5.35386342354164
27 5.30371084770658
28 5.32102134172480
29 5.34033395211961
30 5.36098729306712
31 5.34111125588752
32 5.39592447922725
33 5.44274485531760
34 5.46682137254361
35 5.50877518877144
36 5.59225341806498
37 5.61827864157797
38 5.72307730134086
39 5.78339192705041
40 5.84620997132322
41 5.94471680781817
42 6.01580095103125
43 6.08740059403262
44 6.13300385487873
45 6.23577481683387
46 6.27293953966652
47 6.35551861726544
48 6.44035486940550
49 6.48311785808142
50 6.55739748448826
51 6.59278983930357
52 6.61115809290040
53 6.66243543833813
54 6.67648341728993
55 6.70933725679224
56 6.65553569258899
57 6.69557920858953
58 6.69388553362128
59 6.66490822020959
60 6.63564860660145
61 6.59235737053108
62 6.53784665409297
63 6.51546982768266
64 6.42246907800819
65 6.38517348977891
66 6.32586894570223
67 6.25106150697507
68 6.16057546277209
69 6.08422471320873
70 6.02331725855789
71 5.92080634104008
72 5.85352098304987
73 5.72409948241970
74 5.65733578860576
75 5.56908772673489
76 5.51500978392783
77 5.41199280209045
78 5.29781082426071
79 5.26168300567444
80 5.16129779627249
81 5.07963224599450
82 5.03089891529677
83 4.97825775058141
84 4.92040550539778
85 4.88887666991854
86 4.85196802239971
87 4.75909037489642
88 4.75383314497307
89 4.72397391823477
90 4.68727664425461
91 4.66165724654522
92 4.63945944942041
93 4.67200062906231
94 4.64915185103438
95 4.61773748357625
96 4.62707413610297
97 4.60957877459630
98 4.60373345886898
99 4.62256945821746
100 4.61054707368603
101 4.61296337364986
102 4.58362256558913
103 4.60382276081257
104 4.60562995696795
105 4.60711349429735
106 4.59026118521508
107 4.57798373634480
108 4.60061228287281
109 4.57436672387540
110 4.57601006987004
111 4.57600765102524
112 4.57282153416157
113 4.57676802464881
114 4.55375108200523
115 4.51476978060920
116 4.51334246501348
117 4.51343642832380
118 4.50243126835017
119 4.48340498373097
120 4.46094839656007
121 4.47047499354361
122 4.45692576737629
123 4.46239822787812
124 4.45320122291199
125 4.43337439716016
126 4.43077810301844
127 4.42139915362052
128 4.40012456814452
129 4.40748661611503
130 4.40378638651685
131 4.39638126538771
132 4.40107674050297
133 4.43321676621909
134 4.37132395235698
135 4.38473082080027
136 4.37756110246676
137 4.37021248210797
138 4.36513103082285
139 4.37339642214993
140 4.37596337521247
141 4.29685208415708
142 4.31663039424401
143 4.33363160389971
144 4.27911441290350
145 4.27152791562534
146 4.21120961884349
147 4.20363154774236
148 4.16938700399248
149 4.12663742874169
150 4.06701811824017
151 4.01299061934045
152 3.96579249988010
153 3.90794168229997
154 3.83641981709452
155 3.76909663083972
156 3.69677511469084
157 3.61710081636962
158 3.56291243927080
159 3.50598819087172
160 3.43508076786059
161 3.33748338884594
162 3.27089346225467
163 3.16291468618327
164 3.08313119642422
165 3.03654156217860
166 2.97880692596773
167 2.89130740490134
168 2.82944796997044
169 2.79133100938024
170 2.73644165313439
171 2.68041715286980
172 2.66230459374070
173 2.63133618376307
174 2.60428395619140
175 2.53053335026249
176 2.58598566505791
177 2.57570947092740
178 2.60839635377026
179 2.62760336749730
180 2.63188967018515
181 2.66664296278797
182 2.73017499582219
183 2.77921747161605
184 2.82977975423725
185 2.93715146789948
186 2.97894797947906
187 3.04638831345764
188 3.15968143101232
189 3.23840287601182
190 3.31632316173650
191 3.41006524671001
192 3.54069357301857
193 3.61920364978732
194 3.72154729881438
195 3.82417773021377
196 3.91464976359053
197 4.00560188578536
198 4.10111941879646
199 4.16448796230108
200 4.24794239450802
