EnviroLike
201
0 3.37781301023828
1 3.35570344965483
2 3.53435614866080
3 3.27175776515084
4 3.11547472799285
5 3.01276349939937
6 3.03131467082653
7 3.27435322430822
8 3.32841301946902
9 3.49208347588489
10 3.18824192450897
11 3.08433101970259
12 3.22309475704580
13 3.05377124094342
14 3.28097312559923
15 3.23955393208769
16 3.48234648610864
17 3.42107379219861
18 3.52056907744435
19 3.47165492869119
20 3.20197480250457
21 3.35208359654458
22 3.61495153478708
23 3.52132628181342
24 3.25817570931065
25 3.72076846218373
26 3.41829970218292
27 3.58157458565869
28 3.45056504122896
29 3.63235528285594
30 3.65150523278456
31 3.62915705499232
32 3.55078585067341
33 3.49589230294891
34 3.62839005272096
35 3.45461640787869
36 3.45276136408324
37 3.36316776336048
38 3.09491394639651
39 3.15834775275945
40 3.30253233483868
41 3.09029429092769
42 3.10833601353832
43 2.91702916905517
44 2.81705882655168
45 2.53281047484086
46 2.49484002553694
47 2.54727377430567
48 2.39328135262631
49 2.44685405537961
50 1.99039384296147
51 2.41038803724806
52 1.94841656808636
53 1.72228261786661
54 1.81212230857994
55 1.84088766907119
56 2.07022195757921
57 1.63144010137172
58 1.50957838310581
59 1.58527701895611
60 1.62826713476408
61 1.41698711042207
62 1.49209679341939
63 1.45199124001265
64 1.32700578806146
65 1.36348707959956
66 1.77270305428211
67 1.50823630963680
68 1.39349217299531
69 1.35734159593338
70 1.50862538308556
71 1.33888031693153
72 1.71529517566428
73 1.86337792611033
74 1.95367421383054
75 1.79353052720110
76 1.64882209472410
77 1.86275218392496
78 1.60180002080230
79 1.75731918935218
80 1.86882231295980
81 1.84529507994438
82 2.03015380244876
83 1.83731668294357
84 1.59397458373684
85 1.78057977302335
86 1.53227077155153
87 1.72962786189248
88 1.41879772488003
89 1.52944523545872
90 1.39786023468851
91 1.46483695955171
92 1.45389401153389
93 1.50752856350593
94 1.18821810944668
95 1.31787434605480
96 0.958728342524963
97 1.08059247229053
98 0.989284333100779
99 0.904341946789867
100 0.838367714428780
101 0.906912982497841
102 0.923951103652600
103 0.943006591062749
104 0.968989342678317
105 0.698801728907446
106 0.727850539994870
107 0.737532965963986
108 0.719831348916088
109 0.885044538964647
110 0.728905453276915
111 0.951742197470965
112 0.866634709185139
113 1.18302409646375
114 1.14714614882338
115 1.09520458505740
116 1.26842473024847
117 1.29375664846566
118 1.42188182160508
119 1.56305138397804
120 1.50004151321533
121 1.55588438537471
122 1.83181633256783
123 1.78698016510416
124 1.64648840050765
125 1.66813776107863
126 1.78300897161241
127 2.21572942518865
128 1.58011449656592
129 1.98224963824546
130 2.09712104300123
131 2.01243927529227
132 2.19632333426685
133 1.98519947273783
134 2.07407284590686
135 2.08324856217164
136 2.17076074369712
137 2.24719080244927
138 1.79145959238617
139 1.86881052216242
140 2.22310688998049
141 1.99691607209478
142 2.17054518590820
143 1.93485850992587
144 2.14734785236710
145 2.00272575832329
146 1.93275257839873
147 1.92154568749065
148 2.23052742915892
149 2.19512024685315
150 2.02248905010956
151 2.07183840932130
152 2.20548032842611
153 2.05356861341030
154 2.24740729155965
155 2.28158378243290
156 2.62193368479831
157 2.51177734333017
158 2.89469099738812
159 2.50007066910780
160 2.58973162159632
161 2.78345386460810
162 2.83392905782964
163 2.78136126152311
164 2.93163969514692
165 3.01828350597316
166 3.27035030783841
167 3.29524075713380
168 3.57508146798936
169 3.38608567080435
170 3.80436994687904
171 3.84820679333999
172 4.07990726434224
173 3.83198278458515
174 4.15174259165183
175 4.34387658632057
176 3.98127164561350
177 4.30226280623296
178 4.30181529806385
179 4.29243381509278
180 4.20870664278937
181 4.46707038199862
182 4.52842945276974
183 4.43598009606004
184 4.56867445846093
185 4.59434389962204
186 4.56836551159956
187 4.47691582020359
188 4.48071501559558
189 4.31005803150218
190 4.36627693429276
191 4.23801272570527
192 4.04018702341144
193 4.09565863503952
194 4.01393516864849
195 4.07962818521539
196 4.04298207649666
197 4.00651851552060
198 4.06131887169168
199 4.02050463041394
200 3.74461554286219
