Fuel4
201
0 8.18328786521798
1 8.10997830066570
2 8.15848299190493
3 8.24338977023108
4 8.45774181721480
5 8.41925215436830
6 8.60879184033947
7 8.56266242148613
8 8.73474787932922
9 8.78057112751281
10 8.97226108346095
11 8.94048156139110
12 9.06333140068577
13 9.06154800857886
14 9.16732156211730
15 9.19178664443685
16 9.18683149365569
17 9.07812102647581
18 9.22225105598545
19 9.21398087246106
20 9.32263203522090
21 9.27419262494945
22 9.14799473876060
23 9.18818312536391
24 9.15244607482045
25 8.91993026270718
26 8.93940273044471
27 8.74531755323640
28 8.55709045413044
29 8.37887378662547
30 8.36418317616835
31 8.27569050752350
32 8.16003923295523
33 8.22906768359495
34 7.91435234336163
35 7.80197790373267
36 7.59184903449593
37 7.47012746528402
38 7.27063030548187
39 7.09247522582541
40 7.16129978619176
41 6.94402886385622
42 6.85733276349597
43 6.54786704838060
44 6.50405274919295
45 6.28639909885238
46 6.39351052085557
47 6.11797350489299
48 6.26488996649233
49 6.18097782340372
50 6.18920460501859
51 6.05868736489104
52 5.98157925884522
53 6.19819338412726
54 6.10509046388691
55 5.98884490043280
56 5.97281088591553
57 6.01901103905418
58 6.12662080514856
59 6.18739572761618
60 6.31488000036605
61 6.38094044598192
62 6.45450581835559
63 6.53690282978124
64 6.49062956794776
65 6.57851525560417
66 6.71637352944637
67 6.81770000742025
68 6.75967131336474
69 6.94138076044710
70 6.93050797181668
71 6.94900945306245
72 7.14725268175899
73 7.10870617120108
74 7.08367355035046
75 7.09004995724049
76 7.20988513480675
77 7.13320480042227
78 7.30505460797927
79 7.18942096928695
80 7.09961941436111
81 7.23540898531334
82 7.15353528004750
83 7.03707233814007
84 7.01497426445236
85 7.07631307979565
86 7.07776666351335
87 7.01840188436213
88 6.96975856822392
89 6.86941419690089
90 6.82335906680517
91 6.80225908722288
92 6.85160365603117
93 6.73632001956015
94 6.75024325627540
95 6.65551992106775
96 6.65816670452650
97 6.56061184858055
98 6.55742001798305
99 6.59817230331595
100 6.62054414805671
101 6.78630464778274
102 6.71499713382760
103 6.66335735350488
104 6.82779652389548
105 6.79280750865889
106 6.86087186487672
107 6.93847572877126
108 7.12365048945808
109 7.02954399973574
110 6.99159758229665
111 7.08192262323723
112 7.17762457841894
113 7.40423393193532
114 7.45118202518403
115 7.51668316407268
116 7.54399063737608
117 7.55763278760205
118 7.71849931215612
119 7.76170043771677
120 7.92429908478523
121 7.96666519487563
122 7.95102346808756
123 8.19821766041532
124 8.14431707812250
125 8.15908985204740
126 8.30583199831572
127 8.35243138869728
128 8.35607350717728
129 8.26182583362461
130 8.25310009335485
131 8.40554141350469
132 8.26898511292166
133 8.28209410236302
134 8.39880649402916
135 8.23284591018376
136 8.26050915051611
137 8.16809037230096
138 8.18885088031976
139 8.07725385605834
140 8.06826536650464
141 7.88801445061872
142 8.12762248017224
143 8.03556634216317
144 7.80989292513524
145 7.83015001299594
146 7.88659162880448
147 7.65146783448102
148 7.70590726092450
149 7.86857147696963
150 7.87131805340029
151 7.78663464199421
152 7.89209924017742
153 7.97031433691424
154 7.94166732533464
155 7.82711413732774
156 8.09494290553202
157 8.05142216102614
158 8.04198860276186
159 8.12194135006777
160 8.27668532984276
161 8.30092320016076
162 8.31559180550961
163 8.44914594744491
164 8.47126632231945
165 8.58956200440046
166 8.61647520461394
167 8.56472858365070
168 8.75915497191906
169 8.87021368561849
170 8.96042249105508
171 8.95137962398647
172 8.90097895145277
173 8.95281646754228
174 8.99644538763999
175 8.89523884827270
176 8.86659792953143
177 8.89129178990092
178 8.88822694953972
179 8.76236258308711
180 8.81478591639380
181 8.88499154778035
182 8.53685677972874
183 8.55443397170189
184 8.50120818921581
185 8.24954080496234
186 8.16260416470140
187 8.09040965709747
188 7.89968677699569
189 7.90013586192975
190 7.55486379978124
191 7.48823896989866
192 7.35947697940180
193 7.16161066111402
194 7.11122896957678
195 6.79162776797423
196 6.84678419087221
197 6.67600994777690
198 6.62621848802160
199 6.52874450729628
200 6.47814250925728
