Moneymakers
201
0 5.05045807691882
1 5.11089838378044
2 4.99407380664953
3 4.85272029253667
4 4.78473140377829
5 4.73087977683739
6 4.69935773858974
7 4.57197454236829
8 4.44066633234786
9 4.29659225798503
10 4.35107021911327
11 4.24484874813956
12 4.21439819692453
13 4.06608167425654
14 4.10317258353821
15 3.98497193324440
16 4.06015828253258
17 3.96409104333736
18 3.95130402493525
19 4.01686880726148
20 3.94393174477642
21 3.97937282337471
22 4.00391016738910
23 3.99853655480369
24 4.08504919014685
25 4.13513767642611
26 4.22078886531373
27 4.22990299419110
28 4.28312511487428
29 4.27339203105968
30 4.38207553472705
31 4.42907631922327
32 4.51113432811901
33 4.64256366488402
34 4.68974769269382
35 4.75409138941137
36 4.79349899969517
37 4.85105776111280
38 4.87543761374367
39 4.95948598961333
40 5.08348199033177
41 5.13676751376873
42 5.12391039628887
43 5.21507879525343
44 5.26164552099714
45 5.21460149682254
46 5.17897423965815
47 5.32618996786685
48 5.23305351135315
49 5.27465019614416
50 5.17386641644026
51 5.17543785793560
52 5.21293042588750
53 5.17490478909283
54 5.09873491476783
55 5.00618734684087
56 5.05220008406498
57 4.86216242743144
58 4.89504106549259
59 4.79159587265478
60 4.75293936883965
61 4.61338245460348
62 4.53633770547547
63 4.48461515499164
64 4.47260435536086
65 4.29473411814681
66 4.26073655508432
67 4.25582448732996
68 4.13162127746499
69 4.04001483210490
70 3.96399140197961
71 3.85473488206678
72 3.88498869827484
73 3.79811139530993
74 3.86012398611790
75 3.72627299006654
76 3.71179491239466
77 3.75107421506651
78 3.73541000323971
79 3.64900158613348
80 3.69942030279579
81 3.77549823506796
82 3.76455596632241
83 3.78442231062256
84 3.77076684251459
85 3.84038762040546
86 3.94883596596468
87 3.88749971781809
88 3.90666792459122
89 4.03508837571135
90 4.05096412198838
91 4.12540785012860
92 4.12486419207045
93 4.19783876483978
94 4.23879879037496
95 4.30416864885647
96 4.25493318688355
97 4.43414738279652
98 4.43225364058410
99 4.48584174447433
100 4.52877278218789
101 4.52588150642794
102 4.50591853843708
103 4.48627066449350
104 4.47869975711697
105 4.51945545781297
106 4.48979427979821
107 4.48763561735600
108 4.41445861395049
109 4.49612428983568
110 4.49112569778476
111 4.33337917557450
112 4.30830861905339
113 4.29488556860675
114 4.23861315895881
115 4.13237346356581
116 4.10516284070020
117 4.01154840602904
118 3.99630965884895
119 3.96692125438243
120 3.91954486972970
121 3.81673222254715
122 3.69088908843706
123 3.76863142675522
124 3.69018245885711
125 3.62152134471233
126 3.60884094977823
127 3.47062848083571
128 3.50664693581562
129 3.50280958376833
130 3.52318445882912
131 3.40965055804766
132 3.48686752733034
133 3.42286854616923
134 3.43680810259251
135 3.46334242574927
136 3.43462506902447
137 3.37372581800884
138 3.44450955862065
139 3.47911204189326
140 3.50344519999575
141 3.50360308050112
142 3.56561156091271
143 3.60647689779950
144 3.61810664969360
145 3.62576108156012
146 3.68630359434600
147 3.74706739189254
148 3.81688432668593
149 3.85072394511396
150 3.84839522428309
151 3.98358671651529
152 4.01121986683701
153 4.02149742710031
154 4.10358304387609
155 4.10894792843176
156 4.13595450080280
157 4.21022271629454
158 4.27321770155827
159 4.21872161579642
160 4.24798895904498
161 4.28860178227723
162 4.27808850338744
163 4.30041378118078
164 4.42346243833914
165 4.34902598719728
166 4.30561576098210
167 4.31955316358690
168 4.41460793368804
169 4.37377735079289
170 4.43785023279067
171 4.43208059434363
172 4.45495577062798
173 4.40704833608030
174 4.40458896663573
175 4.38906060991856
176 4.39227851776959
177 4.36154935031262
178 4.36421239059296
179 4.35636369226799
180 4.35630060689976
181 4.39646172542659
182 4.33679676347587
183 4.32713641989543
184 4.34783649684152
185 4.37739382534335
186 4.39319607707110
187 4.25042326651413
188 4.32784511297947
189 4.35803833025197
190 4.32489730117186
191 4.40217635096146
192 4.32631151430655
193 4.27450944726739
194 4.33579635644056
195 4.27795221879143
196 4.20962112608237
197 4.26290152975989
198 4.25405615692876
199 4.26159943454608
200 4.20757066087773
