Photons
201
0 8.01932695386470
1 8.06522887209981
2 7.93958848943084
3 7.88002697451143
4 8.00958539438500
5 7.99058450277081
6 7.76702235713130
7 7.77083388858740
8 7.63447722905016
9 7.79622394657191
10 7.72566571399568
11 7.48281913916720
12 7.39299152697948
13 7.66190229407565
14 7.39896776376731
15 7.16684332517139
16 7.16709865195501
17 7.04846812587416
18 7.18452837651157
19 6.85675099329381
20 6.89159192722198
21 7.07691098212688
22 6.88919577802736
23 6.78064348718819
24 6.65958961895387
25 6.78220723050585
26 6.84298061116115
27 6.95637671347286
28 6.81977824427707
29 6.73919065542003
30 6.90092740638660
31 6.89232711067018
32 6.81456435444718
33 7.02327521333446
34 7.16610534581743
35 7.10183706275475
36 7.11106134482531
37 7.05328778105910
38 7.22701341346158
39 7.45439187337979
40 7.31338790988080
41 7.55869144655955
42 7.50616221452795
43 7.56836505376225
44 7.58427389796088
45 7.86893471827368
46 8.00151239617720
47 7.92545337793671
48 7.96783082829869
49 8.01942951667533
50 8.14371619281734
51 8.27359612982612
52 8.27695874266003
53 8.35539501774069
54 8.30438638375221
55 8.32783065802414
56 8.21769395229200
57 8.27987242984549
58 8.41235763004140
59 8.22481819004015
60 8.30107890010045
61 8.24213652327711
62 8.46768416505819
63 8.15403561785408
64 8.18495242880282
65 8.12352770711339
66 8.08776595024967
67 8.01016735852632
68 7.96023317567983
69 7.96996722435755
70 7.85594001925293
71 7.87925698947842
72 7.74257559305468
73 7.48294180940742
74 7.67077770094490
75 7.53882275515755
76 7.47008020470103
77 7.37046147695623
78 7.39124060738887
79 7.21299854206775
80 7.38383422475996
81 7.10544923720918
82 7.30659311574127
83 7.19367341485012
84 7.18598975323143
85 7.08075815842878
86 7.02360969515577
87 7.09200857585219
88 7.13655502348504
89 6.96713218312426
90 7.12054078563293
91 7.00120342432987
92 6.98155409561861
93 7.02364111971230
94 7.16036712709936
95 7.01782551256628
96 7.06601159863051
97 7.08160124573736
98 7.11257953188523
99 7.15771093085347
100 7.15840553260638
101 7.23959329258380
102 7.13975970217392
103 7.18525065468328
104 7.11804158439246
105 7.03345320001017
106 7.17447816123215
107 7.17454356782746
108 7.16512119201231
109 7.07184117947800
110 7.07084314846945
111 7.12846354979335
112 7.06190592838663
113 7.25382467445226
114 7.14583149918592
115 6.99916214016406
116 7.01439422672527
117 6.94916829418351
118 7.02660690290063
119 7.18088544383065
120 7.11688915574439
121 6.95143145617966
122 6.97355532759346
123 7.00542385197565
124 6.95345863637400
125 6.81330907256395
126 6.89338538566870
127 7.06767557404684
128 6.82417039054585
129 6.95999421804167
130 6.80967570638536
131 6.96842307894833
132 6.92890929868945
133 7.03063928876655
134 6.89381428772598
135 7.10778985289050
136 7.02288854690111
137 7.11407158523311
138 6.97756286217501
139 6.98614051676985
140 6.94900810944474
141 6.81263767933463
142 7.00724523884563
143 6.90786478090543
144 6.98704690101520
145 6.81618723703363
146 6.86506965028305
147 7.06723576399227
148 6.96314428625385
149 6.89932861401857
150 7.00567184948864
151 6.94617539359660
152 7.02003048470404
153 6.99966641692950
154 7.03904862245271
155 6.91200256899398
156 6.98325712459901
157 6.91602327012745
158 6.94645856187525
159 6.81209123079436
160 6.83062065103347
161 6.57695213925827
162 6.75897416555451
163 6.61442941214109
164 6.67347100030490
165 6.82940011056818
166 6.35807849043146
167 6.62111360452158
168 6.63072065047081
169 6.47379960488648
170 6.64333838338753
171 6.73430678641594
172 6.44878963717357
173 6.61579686609782
174 6.61163200838047
175 6.71817088438014
176 6.67785211053014
177 6.57385980503710
178 6.63722674344899
179 6.81270533510482
180 6.81653103029068
181 6.62073857452108
182 6.76112526507865
183 7.02211012285608
184 6.94169941491607
185 6.98709415638627
186 7.06366667437965
187 7.14477015603101
188 7.26553380332556
189 7.43191067573883
190 7.34049873831085
191 7.58969320228994
192 7.61133769198627
193 7.71219618940230
194 7.59817088504053
195 7.82361304759783
196 7.84014028291299
197 7.89254461035873
198 8.05162291812173
199 8.11501324842575
200 8.12160557951198
