SafeAndCare
201
0 4.61136858596643
1 4.50601184708897
2 4.51493952197792
3 4.23004118167148
4 4.35401894142405
5 4.08638504875450
6 4.06615101671184
7 4.26375221976641
8 4.10548595192570
9 4.04393312634251
10 3.83725582567763
11 3.74030154632153
12 3.70002352810515
13 3.61860507907146
14 3.94608562544508
15 3.96427001418864
16 3.62475615640262
17 3.65822860495414
18 3.61928098247004
19 3.60983484723985
20 3.61322880864732
21 3.45052237093248
22 3.39595287175699
23 3.47393608164548
24 3.71246645181939
25 3.42004253287331
26 3.42295669042518
27 3.38044451697903
28 3.38693394329142
29 3.47688384066608
30 3.26710881502677
31 3.36735149698946
32 3.26973233796865
33 3.30383795565166
34 3.14925367964776
35 3.19276420038573
36 2.91746744137095
37 3.07823880948282
38 2.89245663810257
39 3.05582730522566
40 2.76049133576160
41 2.90317338843143
42 2.75171113597143
43 2.60012908554298
44 2.49523317130214
45 2.59005022007986
46 2.65678602663304
47 2.67605307277576
48 2.57003251674400
49 2.57641900826811
50 2.62930610274035
51 2.33371468233847
52 2.47544437240734
53 2.53216922674182
54 2.65484403587072
55 2.57817568550614
56 2.52509767007929
57 2.67589294903403
58 2.62321449558836
59 2.81653914333307
60 2.72573041826050
61 3.00182570907310
62 2.91998806869329
63 2.92052858565338
64 2.92554374350199
65 3.14824803640414
66 3.28271968922476
67 3.04892402643917
68 3.11104185348456
69 3.42608863260360
70 3.24962708501399
71 3.40740638580963
72 3.60521339044074
73 3.42457856920470
74 3.61288230663028
75 3.69140490886617
76 3.51578923129100
77 3.87717429850868
78 3.92750710985881
79 3.67383936530637
80 3.81784341704473
81 4.07384268715397
82 3.95679597793239
83 3.90372265634975
84 3.99862313836778
85 3.78789650358526
86 4.26548822725304
87 4.01660274376790
88 3.95449036298261
89 4.07863552185252
90 3.92442076303229
91 4.13874307892958
92 4.05774390513399
93 4.28722017613955
94 4.32423356394480
95 4.22048560281664
96 4.33267264801999
97 4.26278127359929
98 4.63936694441244
99 4.56699627483694
100 4.76433607677592
101 4.61598865038602
102 4.98664441862985
103 4.87689548609833
104 5.08987465063736
105 5.09976357889686
106 5.37138875565978
107 5.24236195307802
108 5.37538453459048
109 5.65794072664280
110 5.81838061894229
111 5.96342419223054
112 5.67284894887310
113 6.11052363823094
114 6.19666390424346
115 6.22039394456869
116 6.28741993351998
117 6.41905689854999
118 6.36398398780067
119 6.52444678122321
120 6.54795047279225
121 6.45091102111514
122 6.70612871312034
123 6.44839790514055
124 6.64789299923455
125 6.49645648201552
126 6.36367045932625
127 6.52848402284996
128 6.29550326757745
129 6.11689485528730
130 6.39052691238002
131 6.20719959315762
132 6.04894401262654
133 5.87478962795357
134 5.70608534311882
135 5.62879913723813
136 5.78974458861431
137 5.37564799504515
138 5.21867519939002
139 5.15434710522025
140 5.00900464848476
141 4.87520544207220
142 4.82264812993286
143 4.49686452511323
144 4.52206328058745
145 4.20381470832799
146 4.21384315275314
147 3.99709428233297
148 3.83229526337519
149 3.97643823343573
150 4.00895464349661
151 3.96163334949594
152 3.81298114279590
153 3.74616352255931
154 3.72213145204209
155 3.45550284577251
156 3.68491645788859
157 3.66539999433964
158 3.66128732435545
159 3.72253017258607
160 3.59012214107674
161 3.97516287858862
162 3.77542560488394
163 3.98995112947832
164 3.88813764977824
165 3.63081483307954
166 3.98271699199522
167 3.93835849669181
168 3.70451574351933
169 3.93396567780017
170 4.13828239894662
171 4.12401764123547
172 3.98177679928779
173 3.88223163821450
174 3.96071055909190
175 4.00627737292438
176 3.91126399613056
177 3.87390833630721
178 4.10142886122319
179 3.96628517932387
180 3.79859904012771
181 3.74738697279999
182 3.81568380611938
183 3.51528016517866
184 3.54306319781613
185 3.45737619608161
186 3.57389977140040
187 3.22471697614630
188 3.27443397727841
189 3.27225830484771
190 2.90964832692327
191 2.77959264604837
192 2.90842353972638
193 2.82452456574839
194 2.97245815011709
195 2.78726405656554
196 2.84259179173096
197 2.76032923728015
198 2.58513092890615
199 2.24703865667210
200 2.44853345504071
