WaterForce
201
0 5.41361061690433
1 5.15487700331111
2 5.19039510044407
3 5.22479802366501
4 5.49434522382233
5 5.29152610099993
6 5.50358284776674
7 5.65660252912859
8 5.36910928471810
9 5.59927866578297
10 5.56859377794903
11 5.58011477328801
12 5.65476537098536
13 5.58869630662752
14 6.00380767517151
15 5.12351244510126
16 5.64759610640372
17 5.13498690843240
18 5.56690236225617
19 5.32755049427057
20 5.78442100234277
21 5.48383236546163
22 5.28759554823347
23 5.50888685674808
24 5.46078872398888
25 5.27806912079670
26 5.13208584527278
27 5.45013201619037
28 5.24512752871052
29 5.36496816007473
30 5.26290040926515
31 5.43664482757308
32 4.64119631427232
33 4.74676014405969
34 4.85942655264465
35 4.86891305533722
36 4.51639028576284
37 4.43085030408209
38 4.40748798315696
39 4.12071659064982
40 4.22338834815184
41 4.10527277397669
42 4.01808900394266
43 3.75320372310209
44 3.41928011491479
45 3.14590804962784
46 3.38690295627244
47 3.31624163706322
48 3.09851783875791
49 2.63077470205584
50 2.52940293243006
51 2.98011635403452
52 2.55969632319895
53 2.65243354308682
54 2.16464469536149
55 2.47073138020802
56 2.26666938114968
57 2.10843293537821
58 1.75798829577578
59 1.97360793550914
60 1.89037561304392
61 2.00244367017295
62 1.92045597634879
63 1.99839384612061
64 2.16560027619820
65 2.16433092604898
66 2.30719162543994
67 2.22080960319078
68 2.21235158987955
69 2.11143202604489
70 2.48417001422848
71 2.37713335134510
72 2.65982584054676
73 2.76801376791328
74 2.79595188350761
75 2.69797610725199
76 2.96059042761650
77 2.87434570878352
78 2.90665905800771
79 2.68309662252230
80 3.39537517316917
81 3.49872492548303
82 3.93192839568936
83 3.55306911188129
84 3.68401023782278
85 3.88901464727837
86 4.29506482308508
87 4.28487808633583
88 4.46830282021935
89 4.36394087677736
90 4.47792801121014
91 4.69209148251942
92 4.59257242030303
93 4.89205712475462
94 5.18593448812229
95 4.92283707457587
96 5.03476867226697
97 5.34707543679742
98 5.05455547320498
99 5.42637292741305
100 5.53884975470184
101 5.16965655805282
102 5.62765543814581
103 5.94563350737243
104 5.87999856769732
105 5.43568060900840
106 5.82665813446405
107 5.62420722073172
108 5.33114461262235
109 5.95498196932087
110 5.45423515778665
111 5.43874218963703
112 5.71336980055882
113 5.30008848541338
114 5.36996057692746
115 5.44757553472528
116 5.59902567108814
117 5.15005518808395
118 5.33978940959928
119 5.17032790054383
120 5.25193102337105
121 5.48047367704234
122 5.15386498991908
123 5.12477240439961
124 5.16366745904419
125 5.44535228882909
126 5.51656896275978
127 4.89568262743791
128 5.21001319388251
129 5.07266779447143
130 4.85255763366018
131 5.36923235314915
132 5.12092082043823
133 5.15956666528391
134 4.88706169638378
135 5.05932286056072
136 4.80432077596946
137 4.91121320796133
138 5.21283777043415
139 5.08076316952290
140 4.84046311572575
141 4.90361328459801
142 5.07401403975769
143 5.02352522970923
144 5.06865099856384
145 5.00167937236967
146 4.99166916486394
147 5.12592927811067
148 4.58425980074243
149 4.73985260112903
150 4.83483091623059
151 5.14959643538550
152 5.04248485166695
153 5.08325770437562
154 4.50856792307756
155 5.21011645006413
156 4.64507287288293
157 4.80667794871112
158 4.50838213333834
159 4.33188330719967
160 4.51153397338532
161 3.84953931221566
162 4.07793481163960
163 4.24390743946122
164 4.02985001962720
165 3.60696604700783
166 3.89573812824659
167 3.88703681405647
168 3.78765956670684
169 3.60916825984076
170 3.71091582098597
171 3.33827497011207
172 3.40269733700390
173 3.34120361618066
174 3.18495738126020
175 3.09968776656646
176 2.87820792173884
177 2.62060726119988
178 2.33302966402292
179 2.68639601372316
180 2.54836848755397
181 2.07500300614809
182 2.49824970089928
183 2.45377041636229
184 2.40382691510814
185 2.18634819661876
186 2.30385660921627
187 2.33584324369207
188 2.27927878851647
189 2.20648228630546
190 2.15813966915131
191 2.34790199648830
192 1.80763650942146
193 2.16538759258354
194 2.58522931834687
195 2.26542833344870
196 2.47385513528928
197 2.96126831354742
198 2.83941140431236
199 2.54753426546421
200 2.60555833495148
