WorldNow
201
0 6.20049909827983
1 6.39796649876108
2 6.05795556318408
3 6.15556438055443
4 6.10783750540348
5 6.07134616719731
6 6.17971117660283
7 6.04747774689751
8 5.92091376989481
9 5.90531210085621
10 5.93215598636841
11 5.93212883098228
12 5.69329051827696
13 5.80936273901718
14 5.64073992652018
15 5.60049989691459
16 5.63108357164287
17 5.66238908749023
18 5.70078966845035
19 5.69559840234715
20 5.59424560247554
21 5.57366648815582
22 5.89381939171547
23 5.50625664720937
24 5.54494126053017
25 5.50566293647572
26 5.50639645239920
27 5.36762045324947
28 5.49437325051956
29 5.48270546903636
30 5.32098861914427
31 5.38591543499953
32 5.45870775105857
33 5.49290435858425
34 5.53549267853011
35 5.54687735615124
36 5.47100943042536
37 5.60121849693844
38 5.67536281954044
39 5.62866030031665
40 5.66239888654093
41 5.75268192057681
42 5.60454880973610
43 5.57898246484947
44 5.59838787703568
45 5.43731480588686
46 5.54396295881196
47 5.42630579844829
48 5.58284482239163
49 5.56197643634046
50 5.73923225616681
51 5.61700816339514
52 5.45579065761525
53 5.50967593973170
54 5.54202445388930
55 5.44865355554010
56 5.49232878336719
57 5.47288764894910
58 5.39439605299564
59 5.29590070869110
60 5.39282647399061
61 5.41599419666791
62 5.45174100180627
63 5.29327173276264
64 5.22789842390848
65 5.22635623381166
66 5.31383058147417
67 5.38577748974468
68 5.38137108047676
69 5.31823314900870
70 5.23103484485180
71 5.29780396235890
72 5.17298122634345
73 5.28608383799329
74 5.52544053520786
75 5.23131791725473
76 5.34130568362532
77 5.34778019615174
78 5.33134660435856
79 5.36490501845594
80 5.39404139510142
81 5.49035280122388
82 5.59096972513225
83 5.60864832994635
84 5.66125061276598
85 5.62895881090853
86 5.76394072105408
87 5.67979033549773
88 5.83461098378291
89 5.84209076835602
90 5.89621656470391
91 5.92428124696656
92 5.94384845665891
93 6.03349474011969
94 6.05513918457497
95 6.25287733013578
96 6.22457847386656
97 6.27756056967761
98 6.18211407171216
99 6.43287686703143
100 6.36174277165689
101 6.52847540810468
102 6.46974842949602
103 6.53243606929115
104 6.55632831282397
105 6.48572653180840
106 6.49974128497630
107 6.65093804239021
108 6.53204868578468
109 6.64117469120712
110 6.51122007908420
111 6.51156413356593
112 6.45531532658042
113 6.39062794939464
114 6.30185978848696
115 6.41142894685884
116 6.42630525088136
117 6.17588930218376
118 6.33370908496535
119 6.28045944999571
120 6.24500173923108
121 6.23645153892670
122 6.26743790520682
123 6.08441257523237
124 5.95667898797900
125 6.12045664811852
126 6.02133405493580
127 5.92002971972794
128 5.77991469746507
129 5.71059307457727
130 5.64544336170147
131 5.78373884841635
132 5.65707402303508
133 5.49779103246887
134 5.66308281459055
135 5.42708600103883
136 5.41846639151162
137 5.53074008685545
138 5.49078224416503
139 5.46970195164367
140 5.42863025731506
141 5.37351776757569
142 5.35896034786340
143 5.30669812247240
144 5.29174860553116
145 5.41859801778853
146 5.38040080724284
147 5.21938699053850
148 5.43055205761920
149 5.48796893425961
150 5.37508454455253
151 5.43569389537556
152 5.51861351843729
153 5.67341679209140
154 5.58141109494236
155 5.66368627145519
156 5.71887966283923
157 5.73352952131792
158 5.99272621758787
159 5.89766853491998
160 5.81502366846587
161 6.09611804937584
162 5.98122113631627
163 6.07675287325744
164 6.19627729498346
165 6.21394020793487
166 6.36315800939189
167 6.27926420091582
168 6.28297579159866
169 6.36614291469195
170 6.35839187306831
171 6.48534494146938
172 6.55018643233620
173 6.71901288896653
174 6.77141249600496
175 6.72334396798042
176 6.78400880613289
177 6.81400874021527
178 6.92312740742607
179 6.78578030927957
180 6.81555902742534
181 6.96579018077895
182 6.86007803302576
183 6.88485045188874
184 6.92320658400464
185 6.89329365002457
186 6.96933941967559
187 6.92550865728144
188 6.99180281852704
189 7.20925519624839
190 7.05024999843611
191 7.07640711967667
192 7.11494892850644
193 7.00107823256099
194 7.05904177172289
195 7.13271236675409
196 7.13775901158129
197 6.95430091411982
198 7.00995833370211
199 6.95280214841535
200 6.88166751498130
