ABCDE
101
0 6.64703488464852
1 6.56114600046126
2 6.53898090433855
3 6.60972580122181
4 6.53859004223380
5 6.44163389211144
6 6.50130860368699
7 6.28691857072680
8 6.43540591312998
9 6.30663013317433
10 6.35236084801713
11 6.22054794676315
12 6.04765158117911
13 6.15643014111487
14 6.03865818953522
15 6.18088236881838
16 6.11807285541331
17 6.07978845367642
18 5.99566918673418
19 6.01161529884774
20 6.06627433956824
21 5.93667330956724
22 5.96759240296601
23 6.07649762343507
24 5.94328205418284
25 5.99537196544172
26 5.96948870011145
27 6.04297576440765
28 6.04898515133167
29 5.96364182947136
30 5.93810333156754
31 6.08820538302680
32 6.01501920519242
33 6.00516345389175
34 6.00023529618826
35 6.00791517835671
36 6.02054176297878
37 6.12633505076551
38 5.98447435544387
39 6.00931506625005
40 6.13295555266988
41 6.09360435857444
42 5.93231478480050
43 6.05522656757765
44 6.01928889187142
45 6.06784600808752
46 6.08997150642379
47 6.02721590688314
48 5.84036607300686
49 5.88324468143316
50 5.72116699944982
51 5.79810806906487
52 5.77573948587409
53 5.69820059595983
54 5.64279842992644
55 5.59263032329679
56 5.60503368678365
57 5.34910802730809
58 5.51552650489021
59 5.41489383636927
60 5.29005682734428
61 5.33927439250223
62 5.27018183645288
63 5.06088718896464
64 4.95097430770821
65 4.99681425013207
66 5.01268077020306
67 4.96963846102589
68 4.94760802995505
69 4.88541096801109
70 5.00745816162899
71 4.97718336758468
72 4.84709096996566
73 4.82499111612665
74 4.83074874542221
75 4.88505959066196
76 4.91330165651135
77 4.96112647995491
78 4.99410801778169
79 5.01518396717095
80 4.90120286020044
81 5.10903060799468
82 4.96927268402892
83 5.22417920308153
84 5.22319902436426
85 5.31053674700572
86 5.36203349470906
87 5.47861058819057
88 5.44012587826352
89 5.51006389494139
90 5.54745919538272
91 5.65155493138909
92 5.58599986110205
93 5.79015587491027
94 5.83732253189116
95 5.75292642705346
96 5.73012194908174
97 5.84703533782737
98 5.75560961022005
99 6.00225835058047
100 6.01437461309036
