Apples
101
0 4.10314306969310
1 3.83159363768879
2 3.67002338896318
3 4.11327951351758
4 3.56421668272929
5 3.97059228181962
6 3.58354333216128
7 3.72628632542883
8 3.74325919785820
9 3.53071500440160
10 3.63367951982673
11 3.43790428557109
12 3.75207892946210
13 3.66188661758664
14 3.51262300500734
15 3.67648561150320
16 3.96731596039872
17 3.40513150430407
18 4.06553918381703
19 3.75670362016905
20 4.13020291256132
21 4.08961690489295
22 4.35731914984630
23 4.29283719699687
24 4.48261187609788
25 4.51200075704776
26 4.33337318961709
27 4.54272784930602
28 4.81865575432390
29 4.60694562155289
30 4.58482588364963
31 5.15989164049542
32 5.08822221538859
33 5.03760477942860
34 5.19284790481624
35 5.07730109408984
36 4.96864482746007
37 4.83099283094392
38 4.96276426626114
39 4.95608010721949
40 4.92840360457543
41 5.11417864645966
42 4.92040759153287
43 4.85850528486426
44 4.85115100760995
45 4.80300256258473
46 4.75708559536582
47 4.55083091118551
48 4.48461458448445
49 4.55775942008401
50 4.22551324347417
51 4.25369529147646
52 3.95373988910773
53 4.16149317581708
54 3.74406159849487
55 4.06961325946393
56 3.56128390320685
57 3.41018969175037
58 3.74634488085083
59 3.49542260228310
60 3.59441903029939
61 3.33593648238742
62 3.00820539608943
63 3.43903020066346
64 3.44650786415228
65 3.27236441904313
66 3.22733768128673
67 3.02711419613328
68 2.96430171112151
69 3.00772833472725
70 2.95376907402224
71 3.34700602484447
72 3.27033151156240
73 3.34994722795575
74 3.24141736139572
75 3.34664529405231
76 3.29452092246406
77 3.75593910908662
78 3.42234376215115
79 3.37418679585872
80 3.71722035027594
81 3.51393298749441
82 3.45836047086939
83 3.79564608654618
84 3.55155785525055
85 3.83670995435355
86 3.81093248468545
87 3.82572269108496
88 4.04918839241039
89 3.79871399900830
90 3.89736163293662
91 3.71441044400052
92 3.91030615842849
93 3.68073215644920
94 3.41898790446338
95 3.28851742463722
96 3.48354735833947
97 3.44815186154765
98 3.61009752280708
99 3.20590315167885
100 3.24611203467145
