BetterTechnology
101
0 7.33776919256685
1 7.30319885849925
2 7.27211969538483
3 7.19358764936894
4 7.10842845750461
5 7.02036614034078
6 6.91855334085745
7 6.83188622619349
8 6.74581394709447
9 6.64546664065674
10 6.57928330629219
11 6.48043805226091
12 6.33599676221156
13 6.24198542524334
14 6.17816640990682
15 6.06955965998801
16 5.97576679379945
17 5.86298567061242
18 5.79807885728976
19 5.73580521702422
20 5.63794537467736
21 5.56353968306918
22 5.48360269390810
23 5.45444129659907
24 5.40868945727216
25 5.37373935860029
26 5.35386342354164
27 5.30371084770658
28 5.32102134172480
29 5.34033395211961
30 5.36098729306712
31 5.34111125588752
32 5.39592447922725
33 5.44274485531760
34 5.46682137254361
35 5.50877518877144
36 5.59225341806498
37 5.61827864157797
38 5.72307730134086
39 5.78339192705041
40 5.84620997132322
41 5.94471680781817
42 6.01580095103125
43 6.08740059403262
44 6.13300385487873
45 6.23577481683387
46 6.27293953966652
47 6.35551861726544
48 6.44035486940550
49 6.48311785808142
50 6.55739748448826
51 6.59278983930357
52 6.61115809290040
53 6.66243543833813
54 6.67648341728993
55 6.70933725679224
56 6.65553569258899
57 6.69557920858953
58 6.69388553362128
59 6.66490822020959
60 6.63564860660145
61 6.59235737053108
62 6.53784665409297
63 6.51546982768266
64 6.42246907800819
65 6.38517348977891
66 6.32586894570223
67 6.25106150697507
68 6.16057546277209
69 6.08422471320873
70 6.02331725855789
71 5.92080634104008
72 5.85352098304987
73 5.72409948241970
74 5.65733578860576
75 5.56908772673489
76 5.51500978392783
77 5.41199280209045
78 5.29781082426071
79 5.26168300567444
80 5.16129779627249
81 5.07963224599450
82 5.03089891529677
83 4.97825775058141
84 4.92040550539778
85 4.88887666991854
86 4.85196802239971
87 4.75909037489642
88 4.75383314497307
89 4.72397391823477
90 4.68727664425461
91 4.66165724654522
92 4.63945944942041
93 4.67200062906231
94 4.64915185103438
95 4.61773748357625
96 4.62707413610297
97 4.60957877459630
98 4.60373345886898
99 4.62256945821746
100 4.61054707368603
