BetterTomorrow
101
0 5.84130224806466
1 5.56866397479562
2 5.55913094361465
3 5.56557420396535
4 5.38367307444003
5 5.48045007528203
6 5.43927318530717
7 5.26363012361262
8 5.09402822985777
9 5.02966487291980
10 5.24576379631561
11 4.86242108483729
12 4.93200690247004
13 4.93330962289267
14 4.81564724770816
15 4.78433796087731
16 4.73807799487842
17 4.43785443484830
18 4.43901849617655
19 4.46225914972185
20 4.28560476995039
21 4.39952451131905
22 4.26603840791367
23 4.38464475518562
24 4.11162474096620
25 4.25716804304716
26 4.17340325675946
27 4.00287127263704
28 4.01958476408003
29 4.03018246875325
30 4.02147036498264
31 4.04362466388779
32 4.02157804688652
33 3.98920384682800
34 3.78159900379420
35 3.93583831411129
36 3.80203623742450
37 3.83396593437582
38 3.90515540260038
39 3.76931172144866
40 3.59295159074454
41 3.67211044987126
42 3.72329806804948
43 3.81880841183505
44 3.76732169679634
45 3.69395835741179
46 3.91127656284731
47 3.60404209723630
48 3.53107655019770
49 3.60006691150516
50 3.41992432148958
51 3.47435323268332
52 3.27779681057020
53 3.39221979440971
54 3.26039533689398
55 3.08916251360713
56 3.17679403555100
57 3.18957807086942
58 3.22994078262699
59 3.13338734120897
60 3.06416677554705
61 2.91665486157532
62 3.02819268405610
63 3.03212343497872
64 2.97780814364033
65 3.07833033314590
66 2.89443272074576
67 2.97068090942512
68 2.88848360201907
69 2.93299740953305
70 2.99134182975896
71 3.09941487770824
72 2.90632221321319
73 3.05928128073641
74 3.03932725463735
75 3.08826846829132
76 2.98975233949694
77 3.13967898090363
78 3.10171068890201
79 3.24497394287390
80 3.26674394341637
81 3.14107992186088
82 3.35981554936934
83 3.58100754314803
84 3.57220404757224
85 3.52444293923095
86 3.68308167983794
87 3.68713437605637
88 3.71141808349754
89 3.81993393211380
90 3.95775254685017
91 4.11376786952342
92 3.96951419520901
93 4.05547394375937
94 4.34894853828852
95 4.45918654299966
96 4.29847257054254
97 4.26643668529444
98 4.45694740221793
99 4.33552903276830
100 4.47184692419515
