CPU-XYZ
101
0 3.09184789264827
1 3.05318836772834
2 3.02150536577886
3 2.97886951756590
4 2.93100686950600
5 2.89206277019266
6 2.85146169595958
7 2.80136304258227
8 2.76233534688568
9 2.70460033574222
10 2.65252678542598
11 2.61461184821895
12 2.55596441736469
13 2.51278863357297
14 2.45770986224717
15 2.41641657881868
16 2.36549456229579
17 2.33765369674442
18 2.28389452854893
19 2.26101318459718
20 2.22190677119150
21 2.19376229885107
22 2.16598159611410
23 2.15740139929777
24 2.14037875593385
25 2.13333870192669
26 2.12673410963294
27 2.13021332245120
28 2.12777092098547
29 2.15683854057594
30 2.18179009426085
31 2.19908925748276
32 2.23094425791413
33 2.26765903898760
34 2.29507659426821
35 2.33749314898844
36 2.38070216550439
37 2.42494568145649
38 2.47503402312206
39 2.51723346614446
40 2.56604948421665
41 2.61497973548524
42 2.65478537637809
43 2.70426534668243
44 2.74521902597697
45 2.78201163548083
46 2.82599442652546
47 2.84318258477910
48 2.87992973500061
49 2.91288704388540
50 2.92724613152459
51 2.93529323003006
52 2.95325572227083
53 2.94890162243305
54 2.95902632993473
55 2.95830218992459
56 2.94667535312415
57 2.94949545734199
58 2.94192488710460
59 2.93527123178683
60 2.92350106900243
61 2.90626763980719
62 2.90860718150289
63 2.90894250496612
64 2.90883484338884
65 2.89990566389612
66 2.90455200243592
67 2.91609004772885
68 2.93152316244209
69 2.95646376146515
70 2.98796493603903
71 3.02758701832590
72 3.07210217563853
73 3.13438065036854
74 3.19577148774778
75 3.26724106312686
76 3.34450016337681
77 3.43071036644956
78 3.53936924538561
79 3.64704225877025
80 3.75805877646618
81 3.87188385607347
82 3.99620306977695
83 4.12093322835790
84 4.25560012335192
85 4.39232981574098
86 4.51858554281872
87 4.65574766823414
88 4.79430538458402
89 4.92241376210177
90 5.05268907385032
91 5.18339993174762
92 5.28603324960484
93 5.41189578261426
94 5.52027432219153
95 5.61465490771544
96 5.70299131880764
97 5.77091952378475
98 5.84358321550901
99 5.89672552120008
100 5.93588635419039
