Electronics123
101
0 5.39355355171154
1 5.53612056242843
2 4.99819981836704
3 5.04063476770840
4 4.99204964206109
5 4.67825317152627
6 4.77723625587359
7 4.78962334206475
8 4.21989767517416
9 4.22421546619640
10 4.42684950539760
11 3.92349345113993
12 3.80896471177094
13 3.94472499095244
14 3.88545979392825
15 3.94888601242371
16 3.89777829860875
17 3.76162928667666
18 3.41554058808625
19 3.51824335550672
20 3.50355153161060
21 3.80322802547692
22 3.47578579745863
23 3.79479799856804
24 3.67992885978540
25 3.67679536968702
26 3.52350138340691
27 3.86383812830766
28 4.00596620878852
29 3.51011375182852
30 3.76549846568286
31 4.03071770636703
32 4.21760819448740
33 4.17964314746540
34 3.90349268594440
35 4.17458716247407
36 4.21660854812682
37 4.14934239518188
38 4.37682224128274
39 4.47119177371220
40 4.35904020734216
41 4.37837398257764
42 4.53441413303403
43 4.57245053156587
44 4.09452799219469
45 4.50672128044741
46 4.42673537003711
47 4.17059300171354
48 4.44414948927365
49 4.44936496064708
50 4.07470460350870
51 4.44431795600157
52 4.36746497559360
53 4.32031443195254
54 4.23697003933219
55 4.46100482843934
56 4.22346615408577
57 4.32907119546337
58 4.24559599153670
59 4.36227246221148
60 4.14792661304632
61 4.36560327722759
62 4.43738112995180
63 4.26708776114134
64 4.11234276882697
65 4.34626108271777
66 4.47900555774328
67 4.34084333237847
68 4.15398224717421
69 4.65350635840402
70 4.39699244358204
71 4.51904280179278
72 4.54131762043688
73 4.45176071629626
74 4.77699282874367
75 4.72430599748393
76 4.60879080706753
77 4.82410435324565
78 4.58441819053066
79 4.97323368277079
80 4.70507474593339
81 4.91166339336215
82 4.58025621303307
83 4.75535771175891
84 4.97032774195837
85 4.93562191464422
86 5.09018369941436
87 4.99402323242900
88 4.62818743580010
89 4.79128590999061
90 4.67897624185456
91 4.77889618946390
92 4.78410305609956
93 4.54394069532559
94 4.68336711187328
95 4.70129300088821
96 4.61440309367870
97 4.60164745262366
98 4.37283810370973
99 4.48267499954764
100 4.54205502295555
