Fuel4
101
0 8.18328786521798
1 8.10997830066570
2 8.15848299190493
3 8.24338977023108
4 8.45774181721480
5 8.41925215436830
6 8.60879184033947
7 8.56266242148613
8 8.73474787932922
9 8.78057112751281
10 8.97226108346095
11 8.94048156139110
12 9.06333140068577
13 9.06154800857886
14 9.16732156211730
15 9.19178664443685
16 9.18683149365569
17 9.07812102647581
18 9.22225105598545
19 9.21398087246106
20 9.32263203522090
21 9.27419262494945
22 9.14799473876060
23 9.18818312536391
24 9.15244607482045
25 8.91993026270718
26 8.93940273044471
27 8.74531755323640
28 8.55709045413044
29 8.37887378662547
30 8.36418317616835
31 8.27569050752350
32 8.16003923295523
33 8.22906768359495
34 7.91435234336163
35 7.80197790373267
36 7.59184903449593
37 7.47012746528402
38 7.27063030548187
39 7.09247522582541
40 7.16129978619176
41 6.94402886385622
42 6.85733276349597
43 6.54786704838060
44 6.50405274919295
45 6.28639909885238
46 6.39351052085557
47 6.11797350489299
48 6.26488996649233
49 6.18097782340372
50 6.18920460501859
51 6.05868736489104
52 5.98157925884522
53 6.19819338412726
54 6.10509046388691
55 5.98884490043280
56 5.97281088591553
57 6.01901103905418
58 6.12662080514856
59 6.18739572761618
60 6.31488000036605
61 6.38094044598192
62 6.45450581835559
63 6.53690282978124
64 6.49062956794776
65 6.57851525560417
66 6.71637352944637
67 6.81770000742025
68 6.75967131336474
69 6.94138076044710
70 6.93050797181668
71 6.94900945306245
72 7.14725268175899
73 7.10870617120108
74 7.08367355035046
75 7.09004995724049
76 7.20988513480675
77 7.13320480042227
78 7.30505460797927
79 7.18942096928695
80 7.09961941436111
81 7.23540898531334
82 7.15353528004750
83 7.03707233814007
84 7.01497426445236
85 7.07631307979565
86 7.07776666351335
87 7.01840188436213
88 6.96975856822392
89 6.86941419690089
90 6.82335906680517
91 6.80225908722288
92 6.85160365603117
93 6.73632001956015
94 6.75024325627540
95 6.65551992106775
96 6.65816670452650
97 6.56061184858055
98 6.55742001798305
99 6.59817230331595
100 6.62054414805671
