Lasers
101
0 4.64798105542317
1 4.59030280766394
2 4.69536095366401
3 4.50297006343067
4 4.54655681634774
5 4.60186383421174
6 4.67130495698677
7 4.90312639978473
8 4.72480710456585
9 4.72854560675079
10 4.69497403204664
11 4.70936841697517
12 4.88897633945625
13 4.54879207994142
14 4.80467620529399
15 4.80144380084663
16 4.66274981478736
17 4.93244755871124
18 4.77149190813150
19 5.01446205731189
20 4.92728650270654
21 4.86358199541703
22 5.09400092720889
23 5.12998986422547
24 5.05059630628135
25 5.06755396735731
26 4.84804883444885
27 5.16081273525348
28 5.15564849513078
29 5.29511215865556
30 5.05229357659699
31 5.14300557306247
32 5.10046457361823
33 5.14851744280656
34 5.24544321176071
35 5.04286958678518
36 5.18618598154744
37 4.97599233025369
38 5.04202001864707
39 5.19984461704139
40 4.91854316684111
41 5.12400642824429
42 5.17851498190042
43 5.33884594385467
44 5.35266870906907
45 5.14923286468943
46 5.08526011901168
47 5.06973834563938
48 5.25560502187133
49 5.31313708580975
50 5.22196914795103
51 5.30665239858743
52 5.31952656290515
53 5.43811696038855
54 5.19734857997115
55 5.34377993859704
56 5.42350426133403
57 5.69324653441198
58 5.57669372800189
59 5.46768163698109
60 5.47055663671555
61 5.73011530843401
62 5.60535445066250
63 5.75221109787274
64 5.47387264144359
65 5.52830709124038
66 5.70122908593074
67 5.85238593323516
68 5.60980371971093
69 5.60767133939721
70 5.49040721649334
71 5.64514035785532
72 5.32502260878714
73 5.42205187279055
74 5.33776695803106
75 5.14520316399603
76 5.30675866188419
77 5.13359043488907
78 5.08145195798663
79 4.98290152867229
80 4.95762760854310
81 4.78641759705072
82 4.65820455695899
83 4.70902852699906
84 4.74775778197524
85 4.48000504027792
86 4.36238991123890
87 4.23550254762791
88 4.30795044430979
89 4.46261438399540
90 4.40379104516169
91 4.21747504029895
92 3.96206098336388
93 4.29660957078943
94 4.19534715919356
95 3.94984791953340
96 4.10624860164733
97 3.99081150388790
98 3.85420829773803
99 4.01014657719638
100 4.11672926714376
