MarsProject
101
0 3.43061957328843
1 3.20373412419790
2 3.51732831993751
3 3.38919318755910
4 3.50101442426485
5 3.83343575246904
6 3.33853136159128
7 3.70504381780771
8 3.54456311981374
9 3.59076490518769
10 3.66180018037715
11 3.32107719484417
12 3.64201520590325
13 3.75553256592990
14 3.71663706625108
15 3.62719874439907
16 3.80205174260555
17 3.90462941652535
18 3.64947833455782
19 3.83364587451000
20 3.59487574904856
21 3.92949805016935
22 3.76064879744098
23 3.56640404850870
24 3.74724936702713
25 3.64694745072006
26 3.89071401752194
27 3.70468346251676
28 3.79005433998756
29 3.79271216409471
30 3.69184972708471
31 4.09066918130688
32 3.58377312402297
33 3.74852461533840
34 3.53189625322705
35 3.36565739303762
36 3.56414429690594
37 3.33645873908197
38 3.48412140046901
39 3.50402127081265
40 3.57169749464121
41 3.17010655669076
42 3.71826352926277
43 3.40797100654357
44 3.29086089566320
45 3.54042949700570
46 3.58114946746488
47 3.84365161695373
48 3.97426859394564
49 3.70383436627541
50 3.93758400553170
51 4.09544870521015
52 3.97762421369442
53 4.21610041283976
54 3.69127237835770
55 4.12272114208211
56 4.26712926669018
57 3.96118800089565
58 4.24275981339332
59 4.79773366785568
60 4.98956633423164
61 4.68707835032648
62 4.44303773887482
63 5.11470106270674
64 4.92682562952641
65 5.14692715762856
66 5.29646980085655
67 5.17252441285191
68 5.25019959757915
69 5.18587669949157
70 5.32960022069675
71 5.68782297309293
72 5.52024423068933
73 5.11551457024807
74 5.58198811001966
75 5.26274556369932
76 5.18824043448697
77 5.59022040431024
78 5.20450258946663
79 5.35956238030121
80 5.42302803178050
81 5.36522338544308
82 5.04850352175028
83 5.29000254140527
84 4.95486959304255
85 4.84726858448656
86 4.88731702529701
87 4.77218428064995
88 5.00106414902465
89 4.52057317805053
90 4.66656026504102
91 4.55484949873638
92 4.55740360298910
93 4.56666999844709
94 4.10246436606675
95 4.40768059708426
96 4.23871092553983
97 3.94112153761506
98 4.04313777387087
99 3.52707005232556
100 3.56345683908662
