Moneymakers
101
0 5.05045807691882
1 5.11089838378044
2 4.99407380664953
3 4.85272029253667
4 4.78473140377829
5 4.73087977683739
6 4.69935773858974
7 4.57197454236829
8 4.44066633234786
9 4.29659225798503
10 4.35107021911327
11 4.24484874813956
12 4.21439819692453
13 4.06608167425654
14 4.10317258353821
15 3.98497193324440
16 4.06015828253258
17 3.96409104333736
18 3.95130402493525
19 4.01686880726148
20 3.94393174477642
21 3.97937282337471
22 4.00391016738910
23 3.99853655480369
24 4.08504919014685
25 4.13513767642611
26 4.22078886531373
27 4.22990299419110
28 4.28312511487428
29 4.27339203105968
30 4.38207553472705
31 4.42907631922327
32 4.51113432811901
33 4.64256366488402
34 4.68974769269382
35 4.75409138941137
36 4.79349899969517
37 4.85105776111280
38 4.87543761374367
39 4.95948598961333
40 5.08348199033177
41 5.13676751376873
42 5.12391039628887
43 5.21507879525343
44 5.26164552099714
45 5.21460149682254
46 5.17897423965815
47 5.32618996786685
48 5.23305351135315
49 5.27465019614416
50 5.17386641644026
51 5.17543785793560
52 5.21293042588750
53 5.17490478909283
54 5.09873491476783
55 5.00618734684087
56 5.05220008406498
57 4.86216242743144
58 4.89504106549259
59 4.79159587265478
60 4.75293936883965
61 4.61338245460348
62 4.53633770547547
63 4.48461515499164
64 4.47260435536086
65 4.29473411814681
66 4.26073655508432
67 4.25582448732996
68 4.13162127746499
69 4.04001483210490
70 3.96399140197961
71 3.85473488206678
72 3.88498869827484
73 3.79811139530993
74 3.86012398611790
75 3.72627299006654
76 3.71179491239466
77 3.75107421506651
78 3.73541000323971
79 3.64900158613348
80 3.69942030279579
81 3.77549823506796
82 3.76455596632241
83 3.78442231062256
84 3.77076684251459
85 3.84038762040546
86 3.94883596596468
87 3.88749971781809
88 3.90666792459122
89 4.03508837571135
90 4.05096412198838
91 4.12540785012860
92 4.12486419207045
93 4.19783876483978
94 4.23879879037496
95 4.30416864885647
96 4.25493318688355
97 4.43414738279652
98 4.43225364058410
99 4.48584174447433
100 4.52877278218789
