PearPear
101
0 9.49954490281630
1 9.31546022527941
2 9.30463125599309
3 9.37513680088438
4 9.38940191202170
5 9.12403959476240
6 9.41833702460167
7 9.10175111211997
8 9.07214759317069
9 9.02194788379323
10 8.91602829596665
11 9.06925120885678
12 8.86322068563147
13 8.93228888361202
14 8.79493967910399
15 8.99650908823919
16 8.73888620512375
17 8.88184666552550
18 8.63174171653155
19 8.63794631561632
20 8.84896199137498
21 8.79850750724009
22 8.67079439889846
23 8.57202264830286
24 8.82979042533439
25 8.67591698268654
26 8.47470399695773
27 8.66283520655726
28 8.51289072882878
29 8.55981767256427
30 8.48208478100776
31 8.37461440372085
32 8.28878014448846
33 8.47739768280927
34 8.28462455273018
35 8.35352107263116
36 8.26642917092215
37 8.16156648447364
38 8.06442001187603
39 8.11844736210442
40 7.89965072816111
41 8.06751317737409
42 7.97006149844752
43 7.81045790411538
44 7.62071083682200
45 7.59495383696560
46 7.40123460920324
47 7.42756490123362
48 7.28917888835071
49 7.30050785928531
50 7.21058630379633
51 7.07290056021028
52 6.89465644562394
53 6.85754821412254
54 6.99072431969361
55 6.62735717597229
56 6.56906694656256
57 6.49600871043868
58 6.31056790613768
59 6.31398573110190
60 6.35056792302575
61 6.23803925052463
62 6.34147280809096
63 6.28228611394657
64 6.06809785982048
65 5.80710730287374
66 6.05311254914941
67 5.83352983449556
68 6.01661782124632
69 6.10327979771736
70 5.95920934105771
71 6.01340633827791
72 5.95847261827674
73 6.02327892857899
74 5.91683646317848
75 6.05683996090668
76 6.19230072454392
77 6.09783874209182
78 6.28411595008047
79 6.26839684811809
80 6.47196874945790
81 6.35770953364321
82 6.38669060925496
83 6.72759576052940
84 6.53165240433910
85 6.53562604059503
86 6.64503498965344
87 6.83069623286367
88 6.77712508327751
89 6.78080860564252
90 7.12165345800270
91 7.04193908115835
92 7.02097486521753
93 7.09858193732566
94 7.28508995736800
95 7.58697648484816
96 7.22569223406036
97 7.41425852769012
98 7.24164845216797
99 7.49537378799909
100 7.44337376284766
