Photons
101
0 8.01932695386470
1 8.06522887209981
2 7.93958848943084
3 7.88002697451143
4 8.00958539438500
5 7.99058450277081
6 7.76702235713130
7 7.77083388858740
8 7.63447722905016
9 7.79622394657191
10 7.72566571399568
11 7.48281913916720
12 7.39299152697948
13 7.66190229407565
14 7.39896776376731
15 7.16684332517139
16 7.16709865195501
17 7.04846812587416
18 7.18452837651157
19 6.85675099329381
20 6.89159192722198
21 7.07691098212688
22 6.88919577802736
23 6.78064348718819
24 6.65958961895387
25 6.78220723050585
26 6.84298061116115
27 6.95637671347286
28 6.81977824427707
29 6.73919065542003
30 6.90092740638660
31 6.89232711067018
32 6.81456435444718
33 7.02327521333446
34 7.16610534581743
35 7.10183706275475
36 7.11106134482531
37 7.05328778105910
38 7.22701341346158
39 7.45439187337979
40 7.31338790988080
41 7.55869144655955
42 7.50616221452795
43 7.56836505376225
44 7.58427389796088
45 7.86893471827368
46 8.00151239617720
47 7.92545337793671
48 7.96783082829869
49 8.01942951667533
50 8.14371619281734
51 8.27359612982612
52 8.27695874266003
53 8.35539501774069
54 8.30438638375221
55 8.32783065802414
56 8.21769395229200
57 8.27987242984549
58 8.41235763004140
59 8.22481819004015
60 8.30107890010045
61 8.24213652327711
62 8.46768416505819
63 8.15403561785408
64 8.18495242880282
65 8.12352770711339
66 8.08776595024967
67 8.01016735852632
68 7.96023317567983
69 7.96996722435755
70 7.85594001925293
71 7.87925698947842
72 7.74257559305468
73 7.48294180940742
74 7.67077770094490
75 7.53882275515755
76 7.47008020470103
77 7.37046147695623
78 7.39124060738887
79 7.21299854206775
80 7.38383422475996
81 7.10544923720918
82 7.30659311574127
83 7.19367341485012
84 7.18598975323143
85 7.08075815842878
86 7.02360969515577
87 7.09200857585219
88 7.13655502348504
89 6.96713218312426
90 7.12054078563293
91 7.00120342432987
92 6.98155409561861
93 7.02364111971230
94 7.16036712709936
95 7.01782551256628
96 7.06601159863051
97 7.08160124573736
98 7.11257953188523
99 7.15771093085347
100 7.15840553260638
