PositiveCorrelation
101
0 6.25903377438727
1 6.05842999143213
2 6.10734856107497
3 6.20000842092423
4 6.14276797593993
5 5.88402357667570
6 5.94962677310475
7 6.15648558140461
8 5.93163131617352
9 5.98051385119396
10 6.13221255276974
11 6.22356850966331
12 6.01598570870304
13 6.41119282771168
14 5.97620783337721
15 6.11923439361513
16 6.58166395990603
17 6.31765501800359
18 6.52395247261484
19 6.51256994540684
20 6.53567568264091
21 6.85530615348173
22 6.88598751619197
23 6.57576336643336
24 6.74075395888913
25 6.60900887035280
26 7.06803760660121
27 6.77260618661776
28 6.68975578832438
29 6.93324377607222
30 7.11344949795388
31 6.85142660667979
32 6.63156051847082
33 7.05270424163389
34 6.85665933872185
35 6.73114613494736
36 6.79814683350285
37 6.79518792201454
38 6.57341735162777
39 6.81619994662818
40 6.76163779471823
41 6.76390564271162
42 7.05939084351004
43 6.97603579034169
44 6.78625182995704
45 6.84768546873914
46 6.47757854089957
47 6.49607291281242
48 6.65343301116946
49 6.68012108945615
50 6.52521408383906
51 6.31659399697880
52 6.33261920309957
53 6.64759764569713
54 6.51582015417365
55 6.39508953286732
56 6.37076515130446
57 6.33332245016430
58 6.59765615266421
59 6.56484805654931
60 6.11436571264110
61 6.41315391199611
62 6.48389568068680
63 6.29534125333950
64 6.20386469106588
65 6.45090423881516
66 6.53130687759015
67 6.34881366236584
68 6.45870921373696
69 6.47096560135192
70 6.31941681688279
71 6.39927401306626
72 6.20078229168749
73 6.45620000823925
74 6.46563461375234
75 6.18073251609490
76 6.41663599585939
77 6.06487486316232
78 6.38725387050918
79 6.18504121357290
80 6.17244199022876
81 6.03041008890472
82 6.14130568515045
83 6.00060528897327
84 5.94682103256745
85 6.14968541613620
86 6.23816721976576
87 6.13374792091908
88 5.86604674092580
89 6.13502904692743
90 5.74858470497285
91 5.27942368453893
92 5.61890650020270
93 6.01393353262929
94 5.78720840506545
95 5.49260676313785
96 5.88852365426649
97 6.10112192831282
98 6.01328549969389
99 5.59065324072073
100 5.77738722701124
