RoboticsX
101
0 3.87441036445197
1 3.92361268853809
2 3.90097125202332
3 3.82656272121768
4 3.68453492045609
5 3.70103713084655
6 3.70103721428961
7 3.62086470263165
8 3.66382263446154
9 3.57784300197219
10 3.52990797358673
11 3.47021927656776
12 3.48290981219672
13 3.42846807167282
14 3.46972252324174
15 3.45061451169998
16 3.42797670796724
17 3.41866877647308
18 3.45766648361610
19 3.44947446262223
20 3.49540265866961
21 3.57003389811165
22 3.58310800411125
23 3.65680973106463
24 3.68720739098964
25 3.82576656556687
26 3.97181615342352
27 3.95569538489223
28 4.21727259805460
29 4.24004051659637
30 4.21759198046894
31 4.50305976250280
32 4.60859515704792
33 4.75233295280398
34 4.96935727879352
35 5.12902035628840
36 5.19533211724665
37 5.36947284484908
38 5.41828132989134
39 5.57446571023800
40 5.74226232064939
41 5.84835795261450
42 6.13867012527714
43 6.26744854795636
44 6.38656210267905
45 6.48854275296631
46 6.54247685060772
47 6.58956062575303
48 6.67240402669188
49 6.76654870642756
50 6.91065975309515
51 6.98748463336065
52 7.04673789505328
53 7.05541857758593
54 7.11076725779613
55 7.10887506660084
56 7.10147585679471
57 7.07193076423724
58 7.13388347034058
59 7.08321773463408
60 6.99859859192247
61 6.99719859258335
62 6.94307601858616
63 6.85255737092083
64 6.84044947314900
65 6.83913748464269
66 6.86420479629852
67 6.69518325116531
68 6.66879758737417
69 6.71899571881488
70 6.53217791934991
71 6.57719083344059
72 6.53078438942165
73 6.45530841024995
74 6.43998672223568
75 6.33036689378053
76 6.30998461818716
77 6.22002439613234
78 6.19834358617255
79 6.22119483712331
80 6.22604203299459
81 6.15137961855782
82 6.12386509508369
83 6.20121874903154
84 6.19230998322059
85 6.21065907962204
86 6.29011455353248
87 6.21076535721150
88 6.11649100802758
89 6.16853629085477
90 6.24181970311056
91 6.20977555904146
92 6.20335822591397
93 6.30895426954246
94 6.26587753381088
95 6.45697326565955
96 6.40922989379113
97 6.41287000814810
98 6.36267963564072
99 6.38851500356319
100 6.35417436825855
