SafeAndCare
101
0 4.61136858596643
1 4.50601184708897
2 4.51493952197792
3 4.23004118167148
4 4.35401894142405
5 4.08638504875450
6 4.06615101671184
7 4.26375221976641
8 4.10548595192570
9 4.04393312634251
10 3.83725582567763
11 3.74030154632153
12 3.70002352810515
13 3.61860507907146
14 3.94608562544508
15 3.96427001418864
16 3.62475615640262
17 3.65822860495414
18 3.61928098247004
19 3.60983484723985
20 3.61322880864732
21 3.45052237093248
22 3.39595287175699
23 3.47393608164548
24 3.71246645181939
25 3.42004253287331
26 3.42295669042518
27 3.38044451697903
28 3.38693394329142
29 3.47688384066608
30 3.26710881502677
31 3.36735149698946
32 3.26973233796865
33 3.30383795565166
34 3.14925367964776
35 3.19276420038573
36 2.91746744137095
37 3.07823880948282
38 2.89245663810257
39 3.05582730522566
40 2.76049133576160
41 2.90317338843143
42 2.75171113597143
43 2.60012908554298
44 2.49523317130214
45 2.59005022007986
46 2.65678602663304
47 2.67605307277576
48 2.57003251674400
49 2.57641900826811
50 2.62930610274035
51 2.33371468233847
52 2.47544437240734
53 2.53216922674182
54 2.65484403587072
55 2.57817568550614
56 2.52509767007929
57 2.67589294903403
58 2.62321449558836
59 2.81653914333307
60 2.72573041826050
61 3.00182570907310
62 2.91998806869329
63 2.92052858565338
64 2.92554374350199
65 3.14824803640414
66 3.28271968922476
67 3.04892402643917
68 3.11104185348456
69 3.42608863260360
70 3.24962708501399
71 3.40740638580963
72 3.60521339044074
73 3.42457856920470
74 3.61288230663028
75 3.69140490886617
76 3.51578923129100
77 3.87717429850868
78 3.92750710985881
79 3.67383936530637
80 3.81784341704473
81 4.07384268715397
82 3.95679597793239
83 3.90372265634975
84 3.99862313836778
85 3.78789650358526
86 4.26548822725304
87 4.01660274376790
88 3.95449036298261
89 4.07863552185252
90 3.92442076303229
91 4.13874307892958
92 4.05774390513399
93 4.28722017613955
94 4.32423356394480
95 4.22048560281664
96 4.33267264801999
97 4.26278127359929
98 4.63936694441244
99 4.56699627483694
100 4.76433607677592
