SpaceNow
101
0 7.29247901803756
1 7.31976802996538
2 7.32356858412988
3 7.30570416524538
4 7.22026476854973
5 7.23414007495748
6 7.22303560578737
7 7.22884772786049
8 7.24891174293514
9 7.18822022442420
10 7.14999304686444
11 7.07739584557553
12 7.12410081838650
13 7.03755584576045
14 7.03167274358059
15 6.94891076062066
16 6.89095765194598
17 6.84037305333991
18 6.77347208111382
19 6.76052755836307
20 6.70644131527561
21 6.64416225319631
22 6.54500450467617
23 6.53243209298391
24 6.44175070751171
25 6.40140156227743
26 6.28633625809541
27 6.23119800598837
28 6.25487981803499
29 6.14796828644237
30 6.11329098829068
31 6.04107430380712
32 6.02836856085185
33 5.97121088998318
34 5.93118220190367
35 5.84272723185718
36 5.81107085209644
37 5.76599298686383
38 5.76913605018356
39 5.70096858957318
40 5.71241245261602
41 5.72050935991888
42 5.72936894717979
43 5.67259314963622
44 5.75128142949726
45 5.71858540564614
46 5.74611707741133
47 5.69869011374455
48 5.75185251899927
49 5.79941468594335
50 5.80109004680861
51 5.80883827491308
52 5.87279778712687
53 6.02032830778927
54 5.97225094329950
55 6.02686654964621
56 6.04804987305997
57 6.10141831897547
58 6.19105940445476
59 6.22445757360882
60 6.30448751798109
61 6.41350157817357
62 6.42307779771993
63 6.51299434430514
64 6.64203955811485
65 6.67751997160680
66 6.63421699428295
67 6.79800128066915
68 6.81083641685193
69 6.85363972705003
70 6.93714220999612
71 6.93885187836632
72 7.04451085517091
73 7.08980392386247
74 7.11316463326856
75 7.18567812207655
76 7.18402576111138
77 7.14957373212300
78 7.17600658317611
79 7.22649002794069
80 7.24621056884800
81 7.26324696549347
82 7.25610069355124
83 7.27086424362546
84 7.13085116154895
85 7.14520962149825
86 7.15713569788943
87 7.07473564721661
88 7.06754610174279
89 6.99654498428452
90 7.01668711421041
91 6.91386137260338
92 6.84310435908161
93 6.80069627986872
94 6.72694569100386
95 6.65409514454814
96 6.53038781431641
97 6.45831906027567
98 6.38784491466274
99 6.35481814019116
100 6.26193733429329
