SuperFuture
101
0 7.53590386285166
1 7.24651375452780
2 7.68064696873393
3 7.46210460428423
4 7.31922910330465
5 7.23036649635602
6 7.39843349296273
7 7.07542707482520
8 7.04943254569123
9 7.05842991645857
10 7.32877074514776
11 7.03745212396909
12 7.10877387491868
13 7.21073068726327
14 6.79342318806169
15 6.68471839908460
16 6.52221557083838
17 6.48810607081222
18 6.85725688267999
19 6.72077249188907
20 6.86333862184706
21 6.45296846466725
22 6.25838231092862
23 6.30901456757873
24 6.58254424740015
25 6.29856115546610
26 6.25553668229343
27 6.18462016134871
28 6.40792787488188
29 6.46893832615235
30 6.32805119413401
31 6.10788096565136
32 6.14753170083921
33 6.54899364944262
34 6.40686608927324
35 6.30430771018298
36 6.18401952171876
37 6.45403872658140
38 6.73033921891346
39 6.36580816769539
40 6.47308418547020
41 6.57354245850989
42 6.40336749787188
43 6.86317472591678
44 6.89447991566404
45 6.36609328155359
46 6.87985562844030
47 6.45740190130664
48 6.92701042728445
49 7.12157071309690
50 7.03536384350409
51 6.94524563070164
52 7.24596020292680
53 7.00765250995409
54 6.84216578644942
55 7.07416519149231
56 6.95708608283149
57 7.00059448096435
58 7.65431263577246
59 7.02834240578268
60 6.72208606658555
61 7.01385019722406
62 6.73993684872208
63 7.22662885783534
64 6.53322838014321
65 6.82178490288936
66 6.78393481764222
67 6.68186117500098
68 6.51034899516589
69 6.12952673261060
70 6.32888433717043
71 6.20998866424275
72 6.36349730499000
73 6.18092605746289
74 5.91017828781989
75 5.90330850345912
76 5.31912496342037
77 5.38205580386094
78 5.57509296882719
79 5.45685446555863
80 5.24733160031546
81 4.88096257290924
82 4.83626889328764
83 4.64656014044604
84 4.27033241837550
85 4.55447644841760
86 4.45898372671169
87 4.37635770413570
88 4.19416810100603
89 4.09726097079341
90 3.96184575962103
91 3.92521720849907
92 3.87858903298191
93 3.73567255913086
94 4.04875540640741
95 4.11390286574165
96 4.01469996020102
97 3.84380036135481
98 3.60238441843761
99 3.74650904042873
100 3.82731169865672
