WaterForce
101
0 5.41361061690433
1 5.15487700331111
2 5.19039510044407
3 5.22479802366501
4 5.49434522382233
5 5.29152610099993
6 5.50358284776674
7 5.65660252912859
8 5.36910928471810
9 5.59927866578297
10 5.56859377794903
11 5.58011477328801
12 5.65476537098536
13 5.58869630662752
14 6.00380767517151
15 5.12351244510126
16 5.64759610640372
17 5.13498690843240
18 5.56690236225617
19 5.32755049427057
20 5.78442100234277
21 5.48383236546163
22 5.28759554823347
23 5.50888685674808
24 5.46078872398888
25 5.27806912079670
26 5.13208584527278
27 5.45013201619037
28 5.24512752871052
29 5.36496816007473
30 5.26290040926515
31 5.43664482757308
32 4.64119631427232
33 4.74676014405969
34 4.85942655264465
35 4.86891305533722
36 4.51639028576284
37 4.43085030408209
38 4.40748798315696
39 4.12071659064982
40 4.22338834815184
41 4.10527277397669
42 4.01808900394266
43 3.75320372310209
44 3.41928011491479
45 3.14590804962784
46 3.38690295627244
47 3.31624163706322
48 3.09851783875791
49 2.63077470205584
50 2.52940293243006
51 2.98011635403452
52 2.55969632319895
53 2.65243354308682
54 2.16464469536149
55 2.47073138020802
56 2.26666938114968
57 2.10843293537821
58 1.75798829577578
59 1.97360793550914
60 1.89037561304392
61 2.00244367017295
62 1.92045597634879
63 1.99839384612061
64 2.16560027619820
65 2.16433092604898
66 2.30719162543994
67 2.22080960319078
68 2.21235158987955
69 2.11143202604489
70 2.48417001422848
71 2.37713335134510
72 2.65982584054676
73 2.76801376791328
74 2.79595188350761
75 2.69797610725199
76 2.96059042761650
77 2.87434570878352
78 2.90665905800771
79 2.68309662252230
80 3.39537517316917
81 3.49872492548303
82 3.93192839568936
83 3.55306911188129
84 3.68401023782278
85 3.88901464727837
86 4.29506482308508
87 4.28487808633583
88 4.46830282021935
89 4.36394087677736
90 4.47792801121014
91 4.69209148251942
92 4.59257242030303
93 4.89205712475462
94 5.18593448812229
95 4.92283707457587
96 5.03476867226697
97 5.34707543679742
98 5.05455547320498
99 5.42637292741305
100 5.53884975470184
