WorldNow
101
0 6.20049909827983
1 6.39796649876108
2 6.05795556318408
3 6.15556438055443
4 6.10783750540348
5 6.07134616719731
6 6.17971117660283
7 6.04747774689751
8 5.92091376989481
9 5.90531210085621
10 5.93215598636841
11 5.93212883098228
12 5.69329051827696
13 5.80936273901718
14 5.64073992652018
15 5.60049989691459
16 5.63108357164287
17 5.66238908749023
18 5.70078966845035
19 5.69559840234715
20 5.59424560247554
21 5.57366648815582
22 5.89381939171547
23 5.50625664720937
24 5.54494126053017
25 5.50566293647572
26 5.50639645239920
27 5.36762045324947
28 5.49437325051956
29 5.48270546903636
30 5.32098861914427
31 5.38591543499953
32 5.45870775105857
33 5.49290435858425
34 5.53549267853011
35 5.54687735615124
36 5.47100943042536
37 5.60121849693844
38 5.67536281954044
39 5.62866030031665
40 5.66239888654093
41 5.75268192057681
42 5.60454880973610
43 5.57898246484947
44 5.59838787703568
45 5.43731480588686
46 5.54396295881196
47 5.42630579844829
48 5.58284482239163
49 5.56197643634046
50 5.73923225616681
51 5.61700816339514
52 5.45579065761525
53 5.50967593973170
54 5.54202445388930
55 5.44865355554010
56 5.49232878336719
57 5.47288764894910
58 5.39439605299564
59 5.29590070869110
60 5.39282647399061
61 5.41599419666791
62 5.45174100180627
63 5.29327173276264
64 5.22789842390848
65 5.22635623381166
66 5.31383058147417
67 5.38577748974468
68 5.38137108047676
69 5.31823314900870
70 5.23103484485180
71 5.29780396235890
72 5.17298122634345
73 5.28608383799329
74 5.52544053520786
75 5.23131791725473
76 5.34130568362532
77 5.34778019615174
78 5.33134660435856
79 5.36490501845594
80 5.39404139510142
81 5.49035280122388
82 5.59096972513225
83 5.60864832994635
84 5.66125061276598
85 5.62895881090853
86 5.76394072105408
87 5.67979033549773
88 5.83461098378291
89 5.84209076835602
90 5.89621656470391
91 5.92428124696656
92 5.94384845665891
93 6.03349474011969
94 6.05513918457497
95 6.25287733013578
96 6.22457847386656
97 6.27756056967761
98 6.18211407171216
99 6.43287686703143
100 6.36174277165689
