Apples
301
0 4.10314306969310
1 3.83159363768879
2 3.67002338896318
3 4.11327951351758
4 3.56421668272929
5 3.97059228181962
6 3.58354333216128
7 3.72628632542883
8 3.74325919785820
9 3.53071500440160
10 3.63367951982673
11 3.43790428557109
12 3.75207892946210
13 3.66188661758664
14 3.51262300500734
15 3.67648561150320
16 3.96731596039872
17 3.40513150430407
18 4.06553918381703
19 3.75670362016905
20 4.13020291256132
21 4.08961690489295
22 4.35731914984630
23 4.29283719699687
24 4.48261187609788
25 4.51200075704776
26 4.33337318961709
27 4.54272784930602
28 4.81865575432390
29 4.60694562155289
30 4.58482588364963
31 5.15989164049542
32 5.08822221538859
33 5.03760477942860
34 5.19284790481624
35 5.07730109408984
36 4.96864482746007
37 4.83099283094392
38 4.96276426626114
39 4.95608010721949
40 4.92840360457543
41 5.11417864645966
42 4.92040759153287
43 4.85850528486426
44 4.85115100760995
45 4.80300256258473
46 4.75708559536582
47 4.55083091118551
48 4.48461458448445
49 4.55775942008401
50 4.22551324347417
51 4.25369529147646
52 3.95373988910773
53 4.16149317581708
54 3.74406159849487
55 4.06961325946393
56 3.56128390320685
57 3.41018969175037
58 3.74634488085083
59 3.49542260228310
60 3.59441903029939
61 3.33593648238742
62 3.00820539608943
63 3.43903020066346
64 3.44650786415228
65 3.27236441904313
66 3.22733768128673
67 3.02711419613328
68 2.96430171112151
69 3.00772833472725
70 2.95376907402224
71 3.34700602484447
72 3.27033151156240
73 3.34994722795575
74 3.24141736139572
75 3.34664529405231
76 3.29452092246406
77 3.75593910908662
78 3.42234376215115
79 3.37418679585872
80 3.71722035027594
81 3.51393298749441
82 3.45836047086939
83 3.79564608654618
84 3.55155785525055
85 3.83670995435355
86 3.81093248468545
87 3.82572269108496
88 4.04918839241039
89 3.79871399900830
90 3.89736163293662
91 3.71441044400052
92 3.91030615842849
93 3.68073215644920
94 3.41898790446338
95 3.28851742463722
96 3.48354735833947
97 3.44815186154765
98 3.61009752280708
99 3.20590315167885
100 3.24611203467145
101 3.00673823611855
102 3.40845976906802
103 2.88739138990380
104 2.83596199280292
105 2.55744391773322
106 2.90610909549654
107 2.37606188101977
108 2.48843981369073
109 2.42859736170235
110 2.27699986963806
111 2.24396578427889
112 2.33457436071172
113 2.31963052893617
114 2.19099047755672
115 2.06576014576609
116 2.13141207808240
117 1.84593808452276
118 1.71037570605212
119 1.95134169856431
120 1.50410073103804
121 1.40646790980895
122 1.75731477859061
123 1.95184511352873
124 1.50486606122169
125 1.62416884986166
126 1.39420412098039
127 1.61983363878547
128 1.46776664888460
129 1.75660845993055
130 1.57510697549382
131 1.55267568687648
132 2.00829191489017
133 1.59411381519499
134 1.51496691410313
135 1.68224372623401
136 1.88878393396912
137 2.14656440043073
138 1.83153300131593
139 1.57262718301213
140 1.72826827054444
141 1.76552089118496
142 2.15306091721661
143 1.93322829966880
144 1.93289587217354
145 1.64183958690302
146 2.10356307890956
147 1.81706913033492
148 2.00025141741013
149 1.91344541573608
150 1.71506168784010
151 1.70313534821098
152 1.85837747390306
153 1.97115055743957
154 2.11558647116081
155 1.90024075209429
156 1.79847758747028
157 1.75823422347360
158 1.92346402212546
159 1.88243553929547
160 1.90756407651003
161 1.99949806475357
162 2.05646602040075
163 2.00395289119367
164 2.12468919720032
165 2.16103860785625
166 1.81191656899750
167 1.87426200633672
168 1.92080522680256
169 1.87683794227679
170 2.13635369688000
171 2.19719765329909
172 2.01540503463596
173 2.21641058702125
174 2.38013684252823
175 2.02595275738368
176 2.05369362580880
177 2.14203405503211
178 2.11179416705572
179 2.11784652635487
180 2.14432565022018
181 2.53497558069443
182 2.36986918835055
183 2.46907897517228
184 2.39454870230907
185 2.14825411022071
186 2.07871335736000
187 2.00046566426462
188 1.90599110054669
189 1.97341009685704
190 2.29766232148893
191 2.26376477851021
192 2.18880911149301
193 2.18455869060573
194 2.11990393709345
195 1.94883963753055
196 2.27833453140710
197 2.08515814894232
198 2.09662030130238
199 1.78350649394117
200 1.76444577562999
201 2.10980170877370
202 2.03948706700653
203 2.08487916325763
204 1.86394421085066
205 1.61778423864709
206 1.85323126121272
207 2.04780615816525
208 1.92759500797583
209 1.83951983213659
210 1.52086090628556
211 1.89426112161534
212 1.95742625465513
213 1.80211078811739
214 1.86537211618814
215 1.77031981368970
216 1.91781906342676
217 1.96700410748925
218 1.97896100624051
219 2.00899108876997
220 1.96359690941200
221 2.28167012321685
222 2.16108272227085
223 2.71106260780728
224 2.22785113987879
225 2.37782556188990
226 2.61287745716906
227 2.63453355051147
228 2.76729262371467
229 2.39202828753988
230 2.62870901637533
231 3.15187555941306
232 3.11312731831262
233 3.10562366083556
234 3.26318476664838
235 3.44932975505879
236 3.50518446778526
237 3.51861671565236
238 3.41899531106592
239 4.05774563393254
240 3.49436219552046
241 3.63045412767611
242 3.53129705765895
243 3.78569215318562
244 3.60550100553670
245 3.81243060354951
246 4.08656660010900
247 4.00439206929609
248 4.00735194381715
249 3.96091617157212
250 4.20911930887297
251 4.15518636944324
252 4.14321935356898
253 4.11221142135600
254 4.32913704996304
255 3.96792983312692
256 4.44361940845039
257 4.21102982508274
258 4.06720386653194
259 4.50152570064483
260 4.34586369423763
261 4.35191746036112
262 4.34282068228028
263 4.15933977699793
264 4.53151175803808
265 4.28891299356858
266 4.02427675183361
267 4.31767887387603
268 4.38536061796071
269 4.68484357809877
270 4.40880749208486
271 4.42448659367001
272 4.73238571144425
273 4.96812546838425
274 4.83059872492556
275 4.84176383843689
276 4.84988742702353
277 4.78089445140910
278 4.90256153914926
279 5.28354683415672
280 5.15207177778782
281 5.10225040813671
282 4.95690555606992
283 5.16091491349526
284 5.27340284044063
285 5.47902499010606
286 5.45179597928368
287 5.40960443944320
288 5.49824650542202
289 5.69368506084444
290 5.57015437441846
291 5.48433123521501
292 5.30574659683228
293 5.83884835484712
294 5.83741436652549
295 5.86171876039597
296 5.71508737820348
297 6.06930744605164
298 5.63897538920563
299 5.99850579503485
300 5.97463796387611
