BetterTomorrow
301
0 5.84130224806466
1 5.56866397479562
2 5.55913094361465
3 5.56557420396535
4 5.38367307444003
5 5.48045007528203
6 5.43927318530717
7 5.26363012361262
8 5.09402822985777
9 5.02966487291980
10 5.24576379631561
11 4.86242108483729
12 4.93200690247004
13 4.93330962289267
14 4.81564724770816
15 4.78433796087731
16 4.73807799487842
17 4.43785443484830
18 4.43901849617655
19 4.46225914972185
20 4.28560476995039
21 4.39952451131905
22 4.26603840791367
23 4.38464475518562
24 4.11162474096620
25 4.25716804304716
26 4.17340325675946
27 4.00287127263704
28 4.01958476408003
29 4.03018246875325
30 4.02147036498264
31 4.04362466388779
32 4.02157804688652
33 3.98920384682800
34 3.78159900379420
35 3.93583831411129
36 3.80203623742450
37 3.83396593437582
38 3.90515540260038
39 3.76931172144866
40 3.59295159074454
41 3.67211044987126
42 3.72329806804948
43 3.81880841183505
44 3.76732169679634
45 3.69395835741179
46 3.91127656284731
47 3.60404209723630
48 3.53107655019770
49 3.60006691150516
50 3.41992432148958
51 3.47435323268332
52 3.27779681057020
53 3.39221979440971
54 3.26039533689398
55 3.08916251360713
56 3.17679403555100
57 3.18957807086942
58 3.22994078262699
59 3.13338734120897
60 3.06416677554705
61 2.91665486157532
62 3.02819268405610
63 3.03212343497872
64 2.97780814364033
65 3.07833033314590
66 2.89443272074576
67 2.97068090942512
68 2.88848360201907
69 2.93299740953305
70 2.99134182975896
71 3.09941487770824
72 2.90632221321319
73 3.05928128073641
74 3.03932725463735
75 3.08826846829132
76 2.98975233949694
77 3.13967898090363
78 3.10171068890201
79 3.24497394287390
80 3.26674394341637
81 3.14107992186088
82 3.35981554936934
83 3.58100754314803
84 3.57220404757224
85 3.52444293923095
86 3.68308167983794
87 3.68713437605637
88 3.71141808349754
89 3.81993393211380
90 3.95775254685017
91 4.11376786952342
92 3.96951419520901
93 4.05547394375937
94 4.34894853828852
95 4.45918654299966
96 4.29847257054254
97 4.26643668529444
98 4.45694740221793
99 4.33552903276830
100 4.47184692419515
101 4.50352640058369
102 4.55011139408137
103 4.40423357476288
104 4.46887686571310
105 4.47641648758161
106 4.40699689557448
107 4.45440926641965
108 4.42678210466387
109 4.42038502230734
110 4.42530244623969
111 4.29827440703940
112 4.26502275364055
113 4.33243599420445
114 4.05242435748470
115 4.25177869360160
116 4.01685983138786
117 3.90715043201748
118 3.70669718248581
119 4.05864214142512
120 4.00838858066264
121 3.78665030189383
122 3.56315470253028
123 3.74037775974233
124 3.70671165412978
125 3.55086284661527
126 3.57056393527382
127 3.76642049892248
128 3.63417899288947
129 3.33773214587654
130 3.37089073826603
131 3.68909001691896
132 3.65514113399833
133 3.53914985422226
134 3.51149826727646
135 3.75586415295184
136 3.70074626432050
137 3.56132607269786
138 3.63943012567466
139 3.64090713372425
140 3.67267795073319
141 3.70641171160835
142 4.02229407469141
143 3.81075418093387
144 3.99349637725758
145 4.08994087913255
146 4.09258800625599
147 3.92634007445423
148 4.23454122933997
149 4.03496095451098
150 3.97582776101713
151 4.15595797249442
152 4.24223154572608
153 4.07858469788172
154 4.20823524327685
155 3.91287913318389
156 4.21080123395513
157 4.04913867069911
158 4.08618115088164
159 4.08698368410863
160 4.03282297507634
161 4.15629086059483
162 4.08671290107031
163 4.04579733453805
164 4.01395502050038
165 3.90728510194556
166 3.61859614413440
167 3.47782377876898
168 3.55908499840229
169 3.42366696011994
170 3.30030796891664
171 3.40207722632927
172 3.11139021358735
173 3.17559309148852
174 2.95333127182713
175 2.76807717930881
176 2.72799209084337
177 2.60741684640533
178 2.45414813970021
179 2.47154122607417
180 2.36838022101184
181 2.09977427069366
182 2.09693995491107
183 2.10289581446650
184 2.06024196895501
185 1.99497128497165
186 1.88311218075159
187 2.02230338712950
188 1.68731865618366
189 1.89906169708932
190 1.85920186436094
191 1.67327436974245
192 1.53560449697961
193 1.76082542907684
194 1.64833173547080
195 1.77051050777151
196 1.59436929346629
197 1.63371690602451
198 1.73274889702344
199 1.73311872044349
200 1.85411745778497
201 1.72072097532774
202 1.92885324606714
203 1.89088424185397
204 2.17736922893431
205 2.02028282716406
206 2.17087569569520
207 2.07857741387193
208 2.28041157586237
209 2.24144363454765
210 2.45113597718318
211 2.37477740801050
212 2.45969957751632
213 2.60522882662095
214 2.52410441977239
215 2.57386185484031
216 2.74909234643967
217 2.66995639907426
218 2.56113500555377
219 2.71582919357048
220 2.71445509173653
221 2.74819270734879
222 2.86988078077821
223 2.81619438833620
224 2.91228632227402
225 2.85522926709326
226 2.96784115102790
227 2.76828611196736
228 2.88221875799020
229 2.78445113349847
230 2.83219914565197
231 2.80350756017176
232 2.81414614901083
233 2.85382107067222
234 2.93601692569721
235 2.86636984555962
236 2.87429890002837
237 2.95324718862880
238 3.12695971541197
239 2.79845962095197
240 2.96255889569764
241 2.87946533462674
242 3.05955232676543
243 2.99273812290994
244 2.90096858319249
245 3.15931586152986
246 2.96080679099663
247 3.24877724325934
248 3.03701086650268
249 3.21754339040806
250 3.27072924119586
251 3.16377035943433
252 3.20562729809209
253 3.34467976039699
254 3.33859889974995
255 3.33001196220552
256 3.59383524927459
257 3.54347311773131
258 3.32868603802678
259 3.53236495460154
260 3.44277848793089
261 3.42384815313530
262 3.50092151271216
263 3.55788627746790
264 3.79228955864700
265 3.46945463452444
266 3.66473076701744
267 3.50163184042775
268 3.53025291983821
269 3.52745484987293
270 3.55009873060246
271 3.48053105329162
272 3.61168706959106
273 3.29228143909830
274 3.37459500620204
275 3.19651894750785
276 3.19292631936479
277 2.97837431227552
278 2.77471278281910
279 2.97852463882857
280 2.68956868190239
281 2.88181594794695
282 2.80972011347227
283 2.50001484518390
284 2.44796351587521
285 2.30189289488278
286 2.11281895748076
287 1.99583246695541
288 2.05465745711428
289 1.92147060845756
290 1.81231279144438
291 1.95504160612547
292 1.69508271860936
293 1.74816283410171
294 1.51953831068393
295 1.66373184405195
296 1.26090381358454
297 1.40183439970761
298 1.57261152311041
299 1.46645172540146
300 1.23753730112976
