CPU-XYZ
301
0 3.09184789264827
1 3.05318836772834
2 3.02150536577886
3 2.97886951756590
4 2.93100686950600
5 2.89206277019266
6 2.85146169595958
7 2.80136304258227
8 2.76233534688568
9 2.70460033574222
10 2.65252678542598
11 2.61461184821895
12 2.55596441736469
13 2.51278863357297
14 2.45770986224717
15 2.41641657881868
16 2.36549456229579
17 2.33765369674442
18 2.28389452854893
19 2.26101318459718
20 2.22190677119150
21 2.19376229885107
22 2.16598159611410
23 2.15740139929777
24 2.14037875593385
25 2.13333870192669
26 2.12673410963294
27 2.13021332245120
28 2.12777092098547
29 2.15683854057594
30 2.18179009426085
31 2.19908925748276
32 2.23094425791413
33 2.26765903898760
34 2.29507659426821
35 2.33749314898844
36 2.38070216550439
37 2.42494568145649
38 2.47503402312206
39 2.51723346614446
40 2.56604948421665
41 2.61497973548524
42 2.65478537637809
43 2.70426534668243
44 2.74521902597697
45 2.78201163548083
46 2.82599442652546
47 2.84318258477910
48 2.87992973500061
49 2.91288704388540
50 2.92724613152459
51 2.93529323003006
52 2.95325572227083
53 2.94890162243305
54 2.95902632993473
55 2.95830218992459
56 2.94667535312415
57 2.94949545734199
58 2.94192488710460
59 2.93527123178683
60 2.92350106900243
61 2.90626763980719
62 2.90860718150289
63 2.90894250496612
64 2.90883484338884
65 2.89990566389612
66 2.90455200243592
67 2.91609004772885
68 2.93152316244209
69 2.95646376146515
70 2.98796493603903
71 3.02758701832590
72 3.07210217563853
73 3.13438065036854
74 3.19577148774778
75 3.26724106312686
76 3.34450016337681
77 3.43071036644956
78 3.53936924538561
79 3.64704225877025
80 3.75805877646618
81 3.87188385607347
82 3.99620306977695
83 4.12093322835790
84 4.25560012335192
85 4.39232981574098
86 4.51858554281872
87 4.65574766823414
88 4.79430538458402
89 4.92241376210177
90 5.05268907385032
91 5.18339993174762
92 5.28603324960484
93 5.41189578261426
94 5.52027432219153
95 5.61465490771544
96 5.70299131880764
97 5.77091952378475
98 5.84358321550901
99 5.89672552120008
100 5.93588635419039
101 5.97618632393927
102 5.99103755258999
103 6.00513851035404
104 6.00520609345133
105 5.99406139949326
106 5.97223976947081
107 5.94813374076392
108 5.90201440257993
109 5.85021413308259
110 5.81391917132141
111 5.74992521273904
112 5.67698494396165
113 5.62091644625110
114 5.54415699786474
115 5.47359791323909
116 5.40036299369353
117 5.33430763490676
118 5.25643185699356
119 5.18577837561484
120 5.11941045471410
121 5.06312709683286
122 5.00263561031662
123 4.94239638648039
124 4.90353162181297
125 4.85498431344839
126 4.81981496901945
127 4.78952038926468
128 4.76372768644932
129 4.73607156789179
130 4.72536339904398
131 4.72103022834656
132 4.71045422922541
133 4.70591666661009
134 4.70295451907341
135 4.71358089001460
136 4.72012399669724
137 4.72536048013739
138 4.72887938937615
139 4.73296743048520
140 4.73682125544973
141 4.74269175075508
142 4.74185635505735
143 4.73576207926987
144 4.72630459186686
145 4.72101631527111
146 4.70150302457574
147 4.68488538670230
148 4.65300580061455
149 4.62960284607279
150 4.59053772953267
151 4.54087796262212
152 4.50473757576024
153 4.44698328635960
154 4.39352725910159
155 4.32683246555081
156 4.26685407983202
157 4.19087721675583
158 4.11559107832589
159 4.03561242249943
160 3.96128274959912
161 3.89194839569457
162 3.80388070926180
163 3.71734023110910
164 3.65189283750999
165 3.56631734869121
166 3.48557721807443
167 3.41284392645774
168 3.33771034655736
169 3.27064722210389
170 3.19911243959441
171 3.14470059465353
172 3.08358253770983
173 3.01791434428278
174 2.98477336394051
175 2.93043527579517
176 2.87920097118992
177 2.84575607669591
178 2.80468296939426
179 2.76584291397467
180 2.74822089518814
181 2.72005622408050
182 2.68252510067454
183 2.67186815027344
184 2.65834032366598
185 2.64132480146433
186 2.61831181813908
187 2.60507715144748
188 2.59656379780939
189 2.58434567129655
190 2.57603091434934
191 2.56216404469283
192 2.55331812379476
193 2.53758820155806
194 2.53042881467253
195 2.51646776760318
196 2.50940538171417
197 2.49066938258129
198 2.47705355705601
199 2.46816374796780
200 2.45373259223757
201 2.43643524604336
202 2.42435462610636
203 2.41034164238345
204 2.39213482066840
205 2.38117721412029
206 2.37074270883718
207 2.35339220590538
208 2.35449591188280
209 2.33355311321354
210 2.32116791733904
211 2.31489241038376
212 2.30344120151589
213 2.29801298923997
214 2.29243653846477
215 2.27937273102432
216 2.27734749569813
217 2.26344584164994
218 2.26794315649722
219 2.25478699484167
220 2.25058274238741
221 2.24994863071476
222 2.23959761573284
223 2.24519277616092
224 2.23353757161475
225 2.23087048793726
226 2.22535139956181
227 2.21944821689445
228 2.21665663400015
229 2.20546102386449
230 2.20286060103157
231 2.20357234514285
232 2.19932677140024
233 2.19585743637126
234 2.19552557939348
235 2.19904450270085
236 2.20111689768967
237 2.20793607301850
238 2.21146878139766
239 2.22109107217086
240 2.23329483544173
241 2.25169575009600
242 2.28391418674215
243 2.31170720475348
244 2.33698497400518
245 2.37148917270783
246 2.42714739187002
247 2.46367415790749
248 2.52819966978343
249 2.58965847207705
250 2.66642476961036
251 2.74724971464563
252 2.83124567486185
253 2.91958627160202
254 3.01121492687119
255 3.12179529439036
256 3.23299067015062
257 3.34884188871432
258 3.46639533969446
259 3.59526768524492
260 3.72002160924947
261 3.84426840951193
262 3.98275799724043
263 4.11943173972661
264 4.24672791694888
265 4.38309346566182
266 4.50973525980835
267 4.64096344253449
268 4.74619681053154
269 4.87586746233001
270 4.98747702814068
271 5.09338167418887
272 5.19473493516976
273 5.28019614006051
274 5.37062002876218
275 5.43593743338183
276 5.50860405208257
277 5.56727653845398
278 5.60715274787730
279 5.64779901977026
280 5.67511488997607
281 5.68604416178067
282 5.70350835089452
283 5.70408637292494
284 5.70225293871215
285 5.69214103079207
286 5.66702144073859
287 5.65449065424203
288 5.61548309232787
289 5.58753328539080
290 5.55913513357031
291 5.51501171804406
292 5.48379736798321
293 5.44451570465115
294 5.40773535773284
295 5.37602295314173
296 5.34921518230703
297 5.30958127563834
298 5.28746636526844
299 5.26332475593408
300 5.24347115331516
