Electronics123
301
0 5.39355355171154
1 5.53612056242843
2 4.99819981836704
3 5.04063476770840
4 4.99204964206109
5 4.67825317152627
6 4.77723625587359
7 4.78962334206475
8 4.21989767517416
9 4.22421546619640
10 4.42684950539760
11 3.92349345113993
12 3.80896471177094
13 3.94472499095244
14 3.88545979392825
15 3.94888601242371
16 3.89777829860875
17 3.76162928667666
18 3.41554058808625
19 3.51824335550672
20 3.50355153161060
21 3.80322802547692
22 3.47578579745863
23 3.79479799856804
24 3.67992885978540
25 3.67679536968702
26 3.52350138340691
27 3.86383812830766
28 4.00596620878852
29 3.51011375182852
30 3.76549846568286
31 4.03071770636703
32 4.21760819448740
33 4.17964314746540
34 3.90349268594440
35 4.17458716247407
36 4.21660854812682
37 4.14934239518188
38 4.37682224128274
39 4.47119177371220
40 4.35904020734216
41 4.37837398257764
42 4.53441413303403
43 4.57245053156587
44 4.09452799219469
45 4.50672128044741
46 4.42673537003711
47 4.17059300171354
48 4.44414948927365
49 4.44936496064708
50 4.07470460350870
51 4.44431795600157
52 4.36746497559360
53 4.32031443195254
54 4.23697003933219
55 4.46100482843934
56 4.22346615408577
57 4.32907119546337
58 4.24559599153670
59 4.36227246221148
60 4.14792661304632
61 4.36560327722759
62 4.43738112995180
63 4.26708776114134
64 4.11234276882697
65 4.34626108271777
66 4.47900555774328
67 4.34084333237847
68 4.15398224717421
69 4.65350635840402
70 4.39699244358204
71 4.51904280179278
72 4.54131762043688
73 4.45176071629626
74 4.77699282874367
75 4.72430599748393
76 4.60879080706753
77 4.82410435324565
78 4.58441819053066
79 4.97323368277079
80 4.70507474593339
81 4.91166339336215
82 4.58025621303307
83 4.75535771175891
84 4.97032774195837
85 4.93562191464422
86 5.09018369941436
87 4.99402323242900
88 4.62818743580010
89 4.79128590999061
90 4.67897624185456
91 4.77889618946390
92 4.78410305609956
93 4.54394069532559
94 4.68336711187328
95 4.70129300088821
96 4.61440309367870
97 4.60164745262366
98 4.37283810370973
99 4.48267499954764
100 4.54205502295555
101 4.42339637497437
102 4.45092912455608
103 4.68712480591552
104 4.52765190199135
105 4.36207047969677
106 4.08896921946744
107 4.20379068839390
108 4.12401408206755
109 4.22864228828880
110 4.31648866847095
111 4.21626427679288
112 4.38692291806336
113 4.49116019263003
114 4.44974965102597
115 4.34695377417742
116 4.57777269481000
117 4.40546972817809
118 4.59912745210778
119 4.42918552342103
120 4.70427855008239
121 4.68524319519919
122 4.87699658446303
123 4.81207417175597
124 4.95034336556985
125 4.72514563613964
126 5.05774247513804
127 5.17376033113590
128 5.01348294025432
129 5.30064522224377
130 5.42535292785808
131 5.55109637792045
132 5.50839904146097
133 5.26395051582907
134 5.26382190402700
135 5.29289147070227
136 5.66549948750312
137 5.40566720790842
138 5.34614377138247
139 5.51983805664130
140 5.70970717597653
141 5.48218047686488
142 5.99518872134806
143 5.85333090611192
144 6.02772719263236
145 6.08269951293031
146 5.85292093940712
147 5.99152554969858
148 6.01207435553112
149 5.90376850818066
150 6.27080109044540
151 6.28731545784376
152 6.06656177799948
153 6.02730359736748
154 5.96217987274338
155 6.27786305003439
156 6.19422036273287
157 6.02216242888946
158 6.51525917449398
159 6.54859535119125
160 6.48829246338402
161 6.62970006052082
162 6.40684873092452
163 6.19365028215847
164 6.51516587440070
165 6.33168519131874
166 6.39311890922599
167 6.23190620957781
168 6.35859501642748
169 6.49691811434957
170 6.39864556421148
171 6.41093253281941
172 6.39434099697691
173 6.52170415520343
174 6.39189266259650
175 6.42913458138689
176 5.77712204832544
177 5.87103321123771
178 6.22930616103025
179 5.74534430447090
180 5.61480666675328
181 5.50661666455779
182 5.53192700502479
183 5.61558297980399
184 5.03006913625903
185 5.39810168199297
186 4.94378859473368
187 5.19587791705275
188 4.59337970169588
189 4.86171094644249
190 4.83218836725665
191 4.55896506283220
192 4.62375266802835
193 4.62849843954761
194 4.23068511280258
195 4.10075576143639
196 4.00536161233053
197 4.15766687080309
198 3.94378140477351
199 3.77623029013276
200 4.09060446660612
201 3.71601701772658
202 3.83331553233569
203 4.01366861896351
204 4.24947621740549
205 3.96138025611243
206 3.80353612880221
207 4.15284592605788
208 4.11602759345486
209 4.11013538016194
210 4.20797298464134
211 4.23621423856972
212 4.57227135469625
213 4.43375672023576
214 4.67315612931207
215 4.48513988096469
216 4.80789746886671
217 4.91756703398888
218 4.98130950224651
219 4.87298289508501
220 5.08506576375550
221 5.12059261611476
222 4.90445053045540
223 5.24405281672084
224 5.09148581581149
225 4.92567156067654
226 4.81569902149799
227 4.99513305174417
228 5.25038492202697
229 5.04395435043051
230 5.07604065133820
231 5.01852309826206
232 5.14757584029983
233 4.71121493318863
234 4.81105966233032
235 4.98399339353490
236 4.66860495507055
237 4.47155733823405
238 4.37170906105082
239 4.33859485872083
240 4.31500655378154
241 4.23714144273172
242 4.13950570390281
243 3.97001292083343
244 4.10285445777555
245 4.14093025942664
246 3.85724737880452
247 3.90413317167093
248 3.59339434299887
249 4.02115002793035
250 3.42290170887847
251 3.66097385111626
252 3.72120048973127
253 3.91335783496860
254 3.65049940677312
255 4.04697267827843
256 3.83812996025203
257 3.75716691802958
258 3.90626943886972
259 3.88405679257158
260 3.92435613463351
261 4.05167649577861
262 3.96449128502506
263 4.00392942778056
264 4.16636995813203
265 4.59342619851265
266 4.33550178440382
267 4.37785481086661
268 4.42759907427209
269 4.73565180804651
270 4.55621819872007
271 4.48436050377008
272 4.42031370707312
273 4.79958665916488
274 4.56892876231588
275 4.68406450328130
276 4.45523034952726
277 4.52011286058014
278 4.79283012600343
279 4.59603401097789
280 4.65297414634670
281 4.26075316992044
282 4.59990197957888
283 4.31026855236867
284 4.30983123019108
285 4.26256333001800
286 4.32778379490104
287 4.14224994995667
288 3.97281239927669
289 4.27385473611206
290 4.00233142040841
291 3.79987747787306
292 4.40758660834376
293 3.89505162718769
294 3.62437388832241
295 3.82247663883009
296 3.91354841220085
297 3.90611789186801
298 3.81254730831728
299 4.06143379123642
300 4.10199807874544
