Lasers
301
0 4.64798105542317
1 4.59030280766394
2 4.69536095366401
3 4.50297006343067
4 4.54655681634774
5 4.60186383421174
6 4.67130495698677
7 4.90312639978473
8 4.72480710456585
9 4.72854560675079
10 4.69497403204664
11 4.70936841697517
12 4.88897633945625
13 4.54879207994142
14 4.80467620529399
15 4.80144380084663
16 4.66274981478736
17 4.93244755871124
18 4.77149190813150
19 5.01446205731189
20 4.92728650270654
21 4.86358199541703
22 5.09400092720889
23 5.12998986422547
24 5.05059630628135
25 5.06755396735731
26 4.84804883444885
27 5.16081273525348
28 5.15564849513078
29 5.29511215865556
30 5.05229357659699
31 5.14300557306247
32 5.10046457361823
33 5.14851744280656
34 5.24544321176071
35 5.04286958678518
36 5.18618598154744
37 4.97599233025369
38 5.04202001864707
39 5.19984461704139
40 4.91854316684111
41 5.12400642824429
42 5.17851498190042
43 5.33884594385467
44 5.35266870906907
45 5.14923286468943
46 5.08526011901168
47 5.06973834563938
48 5.25560502187133
49 5.31313708580975
50 5.22196914795103
51 5.30665239858743
52 5.31952656290515
53 5.43811696038855
54 5.19734857997115
55 5.34377993859704
56 5.42350426133403
57 5.69324653441198
58 5.57669372800189
59 5.46768163698109
60 5.47055663671555
61 5.73011530843401
62 5.60535445066250
63 5.75221109787274
64 5.47387264144359
65 5.52830709124038
66 5.70122908593074
67 5.85238593323516
68 5.60980371971093
69 5.60767133939721
70 5.49040721649334
71 5.64514035785532
72 5.32502260878714
73 5.42205187279055
74 5.33776695803106
75 5.14520316399603
76 5.30675866188419
77 5.13359043488907
78 5.08145195798663
79 4.98290152867229
80 4.95762760854310
81 4.78641759705072
82 4.65820455695899
83 4.70902852699906
84 4.74775778197524
85 4.48000504027792
86 4.36238991123890
87 4.23550254762791
88 4.30795044430979
89 4.46261438399540
90 4.40379104516169
91 4.21747504029895
92 3.96206098336388
93 4.29660957078943
94 4.19534715919356
95 3.94984791953340
96 4.10624860164733
97 3.99081150388790
98 3.85420829773803
99 4.01014657719638
100 4.11672926714376
101 3.95443488289332
102 4.06099841038758
103 4.05876725018774
104 4.06517018949205
105 4.43096084245015
106 4.38235827600831
107 4.41747800073835
108 4.79551712825370
109 4.69485581617531
110 4.84446877977982
111 4.78175381563814
112 4.80300494243850
113 5.19011901750004
114 5.06551635176587
115 5.16586517367436
116 5.08736899253693
117 5.35972469279351
118 5.61971838659280
119 5.52915449346833
120 5.71078742923064
121 5.64166157474602
122 5.73383442689174
123 5.73792418282572
124 5.76380682407518
125 5.68380778888843
126 5.69569871935344
127 5.76768927555033
128 5.87561298454357
129 5.89175045230344
130 5.73487570455534
131 5.87294183287614
132 5.72042936561751
133 5.76877731567628
134 5.57456609746801
135 5.54580845062063
136 5.45043347000906
137 5.42198984395424
138 5.41378116032923
139 5.31323520137635
140 5.30719602894062
141 5.05455943979139
142 5.07514361944647
143 5.24126645591931
144 5.07910640200955
145 5.10485658489090
146 4.80145538157921
147 5.04620700129807
148 4.91607599955034
149 4.87072559138754
150 4.86265935802404
151 5.06128003135009
152 4.90562102443540
153 4.78452184638933
154 4.98738620152257
155 4.88875130318603
156 4.92827275727733
157 5.08766279487473
158 5.13642738750812
159 5.19081064915074
160 5.21151366167604
161 5.18066294340387
162 5.35894879617886
163 5.33527158819685
164 5.40518348369539
165 5.39220000090322
166 5.62244475343139
167 5.65417590965759
168 5.60574067192276
169 5.69780688929011
170 5.78624115056543
171 5.88413514055365
172 5.89666876881394
173 5.96814744061089
174 5.85970604273558
175 5.92442222705908
176 5.91061155546760
177 5.97039718815699
178 5.95852890146877
179 5.79895516347806
180 5.82436581185484
181 5.62292049078818
182 5.87334788381841
183 5.62728006132150
184 5.82736986820547
185 5.86462976088112
186 5.61556486030949
187 5.35058464567944
188 5.48073615453105
189 5.36548799402439
190 5.40574365905657
191 5.37660773260371
192 5.26268532856763
193 5.14319994095644
194 5.00356531870942
195 4.90306264512930
196 4.72531154621977
197 4.70936717392933
198 4.78293915992151
199 4.64642572632209
200 4.49967053853014
201 4.62923630286473
202 4.38510615707085
203 4.61335246438947
204 4.39430357345781
205 4.51679889499910
206 4.50329119239364
207 4.44121484471600
208 4.47205876065293
209 4.56313127483334
210 4.53997725210827
211 4.62037754411339
212 4.65882660453765
213 4.72878847607643
214 4.82115089937201
215 4.79252999149718
216 4.94852527004815
217 4.88773241968499
218 4.84118598630768
219 4.96666413949668
220 4.83051772064131
221 5.11479506862631
222 5.31808012046630
223 5.19046901723457
224 5.09132672481405
225 5.18180032730045
226 5.33568114174086
227 5.14010743210392
228 5.31483869104893
229 5.27031249191229
230 5.38581433683360
231 5.56515665763223
232 5.48058894705504
233 5.32384942025195
234 5.37372296375289
235 5.18655325028813
236 5.50012789558661
237 5.27456959542198
238 5.37564605831136
239 5.27937180780197
240 4.95640176592919
241 4.99553350851348
242 5.29056374242002
243 5.09812871333303
244 4.91387858619428
245 4.93365675022514
246 5.14694270228360
247 4.89339199790380
248 4.88318674463768
249 4.71903954499434
250 4.81201403988153
251 4.85949990406717
252 4.74738946918166
253 4.84428299660742
254 4.85532161227023
255 4.84934053367201
256 4.67406434097868
257 4.73286101223750
258 4.62570276399716
259 4.87655847197986
260 4.80047087855617
261 4.91803444770481
262 4.95822421455440
263 4.57441532912995
264 5.03753516300011
265 4.92866903808772
266 5.19231098606395
267 5.27640367949989
268 5.14440989325790
269 5.36112521534163
270 5.29802884331471
271 5.29468335190879
272 5.51069792265086
273 5.53674704321705
274 5.34598377794530
275 5.64311239044930
276 5.42142619241130
277 5.44726523094435
278 5.96340375658640
279 5.64329687680013
280 5.85307111047706
281 5.96246369842076
282 5.94233393752034
283 5.78276462813065
284 5.98730338920056
285 5.77776647558223
286 5.56646412727790
287 5.88661218179033
288 5.90097072478965
289 5.91748626201159
290 5.59961451882317
291 5.75499647599572
292 5.54855688332040
293 5.58601607695106
294 5.68010507790246
295 5.42887261544112
296 5.47163040823920
297 5.60426050415445
298 5.69526568756379
299 5.68317347800541
300 5.37457654161252
