MarsProject
301
0 3.43061957328843
1 3.20373412419790
2 3.51732831993751
3 3.38919318755910
4 3.50101442426485
5 3.83343575246904
6 3.33853136159128
7 3.70504381780771
8 3.54456311981374
9 3.59076490518769
10 3.66180018037715
11 3.32107719484417
12 3.64201520590325
13 3.75553256592990
14 3.71663706625108
15 3.62719874439907
16 3.80205174260555
17 3.90462941652535
18 3.64947833455782
19 3.83364587451000
20 3.59487574904856
21 3.92949805016935
22 3.76064879744098
23 3.56640404850870
24 3.74724936702713
25 3.64694745072006
26 3.89071401752194
27 3.70468346251676
28 3.79005433998756
29 3.79271216409471
30 3.69184972708471
31 4.09066918130688
32 3.58377312402297
33 3.74852461533840
34 3.53189625322705
35 3.36565739303762
36 3.56414429690594
37 3.33645873908197
38 3.48412140046901
39 3.50402127081265
40 3.57169749464121
41 3.17010655669076
42 3.71826352926277
43 3.40797100654357
44 3.29086089566320
45 3.54042949700570
46 3.58114946746488
47 3.84365161695373
48 3.97426859394564
49 3.70383436627541
50 3.93758400553170
51 4.09544870521015
52 3.97762421369442
53 4.21610041283976
54 3.69127237835770
55 4.12272114208211
56 4.26712926669018
57 3.96118800089565
58 4.24275981339332
59 4.79773366785568
60 4.98956633423164
61 4.68707835032648
62 4.44303773887482
63 5.11470106270674
64 4.92682562952641
65 5.14692715762856
66 5.29646980085655
67 5.17252441285191
68 5.25019959757915
69 5.18587669949157
70 5.32960022069675
71 5.68782297309293
72 5.52024423068933
73 5.11551457024807
74 5.58198811001966
75 5.26274556369932
76 5.18824043448697
77 5.59022040431024
78 5.20450258946663
79 5.35956238030121
80 5.42302803178050
81 5.36522338544308
82 5.04850352175028
83 5.29000254140527
84 4.95486959304255
85 4.84726858448656
86 4.88731702529701
87 4.77218428064995
88 5.00106414902465
89 4.52057317805053
90 4.66656026504102
91 4.55484949873638
92 4.55740360298910
93 4.56666999844709
94 4.10246436606675
95 4.40768059708426
96 4.23871092553983
97 3.94112153761506
98 4.04313777387087
99 3.52707005232556
100 3.56345683908662
101 3.58403682430216
102 3.68567212497095
103 3.34417438142762
104 3.38639242688241
105 3.47038632467824
106 3.14629018850997
107 3.29317755622471
108 3.38080038352933
109 3.37838521264206
110 3.09527898704648
111 3.47357375086739
112 3.26860629122708
113 3.42366364306248
114 3.36710048507829
115 3.08938719560165
116 3.00979050460634
117 2.88838026760636
118 3.20819273634883
119 3.03991756369742
120 2.79779995598832
121 2.94938883109918
122 3.15747591046096
123 2.66997773156695
124 3.00375302366273
125 2.91249767413591
126 2.60326114253359
127 2.59865236784567
128 2.90488599861261
129 2.69841110576203
130 2.87195966255009
131 2.92452888868392
132 2.81375299635725
133 2.86503454363767
134 3.16084269231681
135 2.46731758218308
136 2.85434559339936
137 2.58890920611585
138 2.44016166547194
139 3.11260409092170
140 2.82088584156312
141 2.67993097355579
142 2.82426381847307
143 2.78751946382066
144 2.58471772353564
145 2.79907596105421
146 2.75958748867500
147 3.14770111175657
148 2.67368569469681
149 3.02247355137336
150 2.75533182061619
151 2.72759773332481
152 3.00858878484270
153 3.17270800921349
154 2.98013612883677
155 2.85324305819397
156 2.97906672824273
157 3.22280796590760
158 3.17303709958463
159 2.98044759675285
160 3.07649834160505
161 3.32434267989293
162 3.11513224842474
163 3.21122748215535
164 3.33190629564780
165 3.59671803561139
166 3.27657395645620
167 2.98761371414429
168 3.31213304207834
169 3.31317846927982
170 3.27287459051187
171 3.49707795239830
172 3.49659526749936
173 3.25551110104200
174 3.57982993697811
175 3.23412662295189
176 3.67670866973821
177 3.32975043002395
178 2.94578620757276
179 3.08874910115508
180 3.05248682941371
181 3.03867680131906
182 3.02464318519685
183 2.80860329117488
184 3.01679689531997
185 3.24863383692019
186 2.76019457234909
187 3.11908225000384
188 2.78134166976766
189 2.85371524525392
190 2.35433014050474
191 2.48903186299646
192 2.43290731189766
193 2.63188337228411
194 2.48813486429596
195 2.58899110294068
196 2.40535922895847
197 2.47191075887526
198 2.51545821145237
199 2.49429488094141
200 2.44521442294563
201 2.34053673899992
202 2.43189883677049
203 2.43550055124346
204 2.65934911387077
205 2.53087948485708
206 2.49143306712606
207 2.51536527819767
208 3.03799619806930
209 2.73176793833791
210 2.69894081172982
211 3.08478198408330
212 3.23855202531539
213 3.13925157036099
214 3.06812412101165
215 3.45642817170083
216 3.45884071512041
217 3.30166753148360
218 3.86171119300965
219 4.00957978701834
220 3.92997101293946
221 3.94514774194344
222 4.02559095420269
223 4.01803254025210
224 4.30881934630116
225 4.47444223885987
226 4.41176843535993
227 4.38974320288886
228 4.75669527990526
229 4.74829385866227
230 4.64252427712526
231 4.85158725276775
232 4.75614491370165
233 5.09056285028624
234 4.58273673295493
235 5.17300492429001
236 4.83909735323225
237 4.93146987995677
238 5.19063389376950
239 5.06496849698487
240 4.98922982803957
241 4.97180605760840
242 5.19727018844563
243 4.97466892062585
244 4.78987716389193
245 4.91406417606940
246 4.57031992405473
247 5.00267366683627
248 4.71452290319780
249 4.55691864883482
250 4.23862224098713
251 4.71563399897091
252 4.44409602029716
253 4.47285314975218
254 4.52001291923486
255 4.14960089561621
256 4.09060815985816
257 4.05470676311132
258 4.40376390093793
259 4.41855160067815
260 4.03748792506196
261 3.81722498617974
262 3.92883685734377
263 4.07962689929381
264 4.11449160018953
265 4.15290259645440
266 3.91501128048137
267 3.96942933820547
268 4.05285978601685
269 3.95954416575497
270 3.78730448078155
271 4.05167833236631
272 4.24781158379920
273 4.26421459136049
274 3.88721807216764
275 3.86601537492246
276 4.00966300971353
277 3.96127745613814
278 3.82686194056637
279 3.82360785822329
280 4.19594624225297
281 4.44013666855510
282 4.30752714968032
283 3.62219695825242
284 3.93981243217452
285 4.17323852399594
286 4.01671935564847
287 4.05524594519378
288 3.81847335681745
289 4.02399450117873
290 3.93992437299216
291 3.81305018422436
292 3.75167682154395
293 3.86079632401070
294 4.08366434326465
295 3.82935086465850
296 3.64477972878303
297 3.97717439158871
298 3.52787030287575
299 3.71026811735278
300 3.63428689974752
