PearPear
301
0 9.49954490281630
1 9.31546022527941
2 9.30463125599309
3 9.37513680088438
4 9.38940191202170
5 9.12403959476240
6 9.41833702460167
7 9.10175111211997
8 9.07214759317069
9 9.02194788379323
10 8.91602829596665
11 9.06925120885678
12 8.86322068563147
13 8.93228888361202
14 8.79493967910399
15 8.99650908823919
16 8.73888620512375
17 8.88184666552550
18 8.63174171653155
19 8.63794631561632
20 8.84896199137498
21 8.79850750724009
22 8.67079439889846
23 8.57202264830286
24 8.82979042533439
25 8.67591698268654
26 8.47470399695773
27 8.66283520655726
28 8.51289072882878
29 8.55981767256427
30 8.48208478100776
31 8.37461440372085
32 8.28878014448846
33 8.47739768280927
34 8.28462455273018
35 8.35352107263116
36 8.26642917092215
37 8.16156648447364
38 8.06442001187603
39 8.11844736210442
40 7.89965072816111
41 8.06751317737409
42 7.97006149844752
43 7.81045790411538
44 7.62071083682200
45 7.59495383696560
46 7.40123460920324
47 7.42756490123362
48 7.28917888835071
49 7.30050785928531
50 7.21058630379633
51 7.07290056021028
52 6.89465644562394
53 6.85754821412254
54 6.99072431969361
55 6.62735717597229
56 6.56906694656256
57 6.49600871043868
58 6.31056790613768
59 6.31398573110190
60 6.35056792302575
61 6.23803925052463
62 6.34147280809096
63 6.28228611394657
64 6.06809785982048
65 5.80710730287374
66 6.05311254914941
67 5.83352983449556
68 6.01661782124632
69 6.10327979771736
70 5.95920934105771
71 6.01340633827791
72 5.95847261827674
73 6.02327892857899
74 5.91683646317848
75 6.05683996090668
76 6.19230072454392
77 6.09783874209182
78 6.28411595008047
79 6.26839684811809
80 6.47196874945790
81 6.35770953364321
82 6.38669060925496
83 6.72759576052940
84 6.53165240433910
85 6.53562604059503
86 6.64503498965344
87 6.83069623286367
88 6.77712508327751
89 6.78080860564252
90 7.12165345800270
91 7.04193908115835
92 7.02097486521753
93 7.09858193732566
94 7.28508995736800
95 7.58697648484816
96 7.22569223406036
97 7.41425852769012
98 7.24164845216797
99 7.49537378799909
100 7.44337376284766
101 7.49487337151240
102 7.52758880759935
103 7.45993919925364
104 7.25856342410486
105 7.50798474257150
106 7.33172417191192
107 7.34086871018962
108 7.29901861160406
109 7.33278261084298
110 7.34480719214459
111 7.46343643243402
112 7.39050129409101
113 7.55597814927562
114 7.32131761542924
115 7.41157183781437
116 7.33534591223272
117 7.24826446616272
118 7.38409586378596
119 7.24425265273773
120 6.99968437910237
121 7.19661877696165
122 7.16191721395442
123 7.38023692388999
124 7.28752414211258
125 7.29619532203577
126 7.53759771431826
127 7.38511079032972
128 7.48615511629367
129 7.55412176695722
130 7.61932785785823
131 7.72533729353693
132 7.88322161801214
133 7.77069419159843
134 8.04264286820425
135 7.98893058009098
136 8.23244761659387
137 8.22244095526550
138 8.12696085799010
139 8.41459660504703
140 8.35320853358371
141 8.53424757109351
142 8.60702282542742
143 8.75610270584840
144 8.78001859565029
145 8.74530802048570
146 8.84296241075314
147 8.97329005607197
148 9.13977907075058
149 9.12921743620798
150 9.13428916640226
151 9.25596668123796
152 9.46025623007493
153 9.66919632606853
154 9.44687771571975
155 9.66844414508791
156 9.47892455448089
157 9.72789546307511
158 9.41835916745378
159 9.59900766165760
160 9.65333462449780
161 9.48451150716447
162 9.53919242146491
163 9.46947920479800
164 9.72614574168653
165 9.72347324877989
166 9.47911380374919
167 9.78710916129826
168 9.49759407047758
169 9.41707926587065
170 9.50295542663787
171 9.44182244162987
172 9.47385958261062
173 9.52643055177475
174 9.28191571830954
175 9.45383583748298
176 9.18160130374943
177 9.26222924210043
178 9.23084110956784
179 9.06673510053343
180 9.20343122762699
181 9.24093774045770
182 9.35373919163071
183 9.20736763158703
184 9.30058079098017
185 9.01323965776079
186 9.20657237022831
187 9.20666287518011
188 9.17273502513706
189 9.10339406142392
190 9.02948414448749
191 9.23720884825233
192 9.10943367434563
193 9.34971727928533
194 9.15820526831801
195 9.11076758427780
196 9.10946416544566
197 9.10037217207663
198 9.07491791643946
199 8.92749621832697
200 8.91934626165509
201 9.15984096283760
202 9.02765083755806
203 9.08270914202462
204 8.91882087329143
205 8.84238483262815
206 8.70061081282840
207 8.89160795047170
208 8.67424847739426
209 8.82086020831938
210 8.59742026792948
211 8.50728105098153
212 8.45253810797768
213 8.44041979789326
214 8.29206487910164
215 8.20688491881801
216 8.18944868125414
217 7.89929276507152
218 7.85213681801790
219 7.95355527255186
220 7.74631646062368
221 7.61557027804434
222 7.43276980499835
223 7.51006182785855
224 7.43008650328178
225 7.27923352156001
226 7.15211158453012
227 7.06097726334845
228 6.91832912821592
229 6.90446512831467
230 6.71766876130505
231 6.83908497396560
232 6.85705798871958
233 6.65954032965620
234 6.49095590006641
235 6.51671551348118
236 6.66377579914225
237 6.68183236305055
238 6.42198620924775
239 6.41549614312460
240 6.45017009471453
241 6.47683660886709
242 6.33196176703326
243 6.38062603943462
244 6.46598655331532
245 6.51897332306773
246 6.64112986572754
247 6.50626523804963
248 6.67836694808455
249 6.77591282413689
250 6.73857779510388
251 6.79986823205335
252 6.93096879670161
253 7.22392890301393
254 7.16088975862233
255 7.13726869727798
256 7.20407352601814
257 7.11159421916257
258 7.35115050238646
259 7.34316660981297
260 7.42215872829194
261 7.54076556514093
262 7.41880339220153
263 7.47361313758079
264 7.37005860035768
265 7.50410218018502
266 7.46596303768742
267 7.43244069742758
268 7.63179826979717
269 7.62274122553096
270 7.44924457598610
271 7.55001950975698
272 7.56244378365871
273 7.47725855636458
274 7.53753977025994
275 7.49256430173757
276 7.44815340243425
277 7.46006673585149
278 7.24347095595003
279 7.32192884275231
280 7.48172360478314
281 7.22150660685023
282 7.52796135176458
283 7.27147490374842
284 7.05390257597748
285 6.95418950886180
286 7.12299166293075
287 7.06199259094943
288 7.05993043767578
289 6.96847406780707
290 7.04439082860990
291 6.86564414890242
292 7.02442305381912
293 7.18633404356383
294 7.38668723010224
295 7.22185504093271
296 7.22172895469072
297 7.15790228804087
298 7.35969532357267
299 7.22942432356641
300 7.38454159092428
