RoboticsX
301
0 3.87441036445197
1 3.92361268853809
2 3.90097125202332
3 3.82656272121768
4 3.68453492045609
5 3.70103713084655
6 3.70103721428961
7 3.62086470263165
8 3.66382263446154
9 3.57784300197219
10 3.52990797358673
11 3.47021927656776
12 3.48290981219672
13 3.42846807167282
14 3.46972252324174
15 3.45061451169998
16 3.42797670796724
17 3.41866877647308
18 3.45766648361610
19 3.44947446262223
20 3.49540265866961
21 3.57003389811165
22 3.58310800411125
23 3.65680973106463
24 3.68720739098964
25 3.82576656556687
26 3.97181615342352
27 3.95569538489223
28 4.21727259805460
29 4.24004051659637
30 4.21759198046894
31 4.50305976250280
32 4.60859515704792
33 4.75233295280398
34 4.96935727879352
35 5.12902035628840
36 5.19533211724665
37 5.36947284484908
38 5.41828132989134
39 5.57446571023800
40 5.74226232064939
41 5.84835795261450
42 6.13867012527714
43 6.26744854795636
44 6.38656210267905
45 6.48854275296631
46 6.54247685060772
47 6.58956062575303
48 6.67240402669188
49 6.76654870642756
50 6.91065975309515
51 6.98748463336065
52 7.04673789505328
53 7.05541857758593
54 7.11076725779613
55 7.10887506660084
56 7.10147585679471
57 7.07193076423724
58 7.13388347034058
59 7.08321773463408
60 6.99859859192247
61 6.99719859258335
62 6.94307601858616
63 6.85255737092083
64 6.84044947314900
65 6.83913748464269
66 6.86420479629852
67 6.69518325116531
68 6.66879758737417
69 6.71899571881488
70 6.53217791934991
71 6.57719083344059
72 6.53078438942165
73 6.45530841024995
74 6.43998672223568
75 6.33036689378053
76 6.30998461818716
77 6.22002439613234
78 6.19834358617255
79 6.22119483712331
80 6.22604203299459
81 6.15137961855782
82 6.12386509508369
83 6.20121874903154
84 6.19230998322059
85 6.21065907962204
86 6.29011455353248
87 6.21076535721150
88 6.11649100802758
89 6.16853629085477
90 6.24181970311056
91 6.20977555904146
92 6.20335822591397
93 6.30895426954246
94 6.26587753381088
95 6.45697326565955
96 6.40922989379113
97 6.41287000814810
98 6.36267963564072
99 6.38851500356319
100 6.35417436825855
101 6.29449252259614
102 6.32106250699046
103 6.22560043709129
104 6.24655964349672
105 6.23582437487640
106 6.17208845956810
107 6.13110986180808
108 6.12152466917816
109 5.99679272636143
110 5.90280229904709
111 5.83998529155378
112 5.77287185088839
113 5.68148379285414
114 5.56124124171487
115 5.53402845896594
116 5.36551306290295
117 5.28672387727744
118 5.19699883799934
119 5.09155817061007
120 4.88048979549471
121 4.87475039851092
122 4.74891183269868
123 4.61018784092528
124 4.59520632953363
125 4.41931780041767
126 4.28720518822308
127 4.26226402601519
128 4.17847385871703
129 4.08702399555105
130 3.90764787237310
131 3.92127379088070
132 3.79469887107123
133 3.82366420046357
134 3.83441227681030
135 3.68773576790889
136 3.74585167983010
137 3.66073762875728
138 3.73167016036452
139 3.71062602398300
140 3.65684874417589
141 3.59431318157664
142 3.62405020424546
143 3.58298596080179
144 3.64997529679856
145 3.61458791904118
146 3.79845876319939
147 3.80125465623941
148 3.82025678595088
149 3.80338740319686
150 3.82009156141033
151 3.91260736211529
152 4.02561442345292
153 3.95413866091859
154 4.00821670430058
155 4.04421807505105
156 4.11155108824762
157 4.16770477952660
158 4.10552271170379
159 4.17437514790482
160 4.18459152916370
161 4.20997852211773
162 4.29614613908401
163 4.37196851121446
164 4.29826729565439
165 4.42346800955911
166 4.39711098309719
167 4.38960504575458
168 4.44522527056963
169 4.50623904031478
170 4.38790930664185
171 4.44345898643413
172 4.48294208620978
173 4.55666407797651
174 4.42631488279900
175 4.54263419947310
176 4.58248576444191
177 4.64667964918319
178 4.63644022310338
179 4.66408628220791
180 4.75838963333449
181 4.68227958010271
182 4.79187807933004
183 4.74317172421971
184 4.88564932398528
185 4.81175458971923
186 4.88075753785839
187 5.00513797831149
188 5.10944954744902
189 5.18968408832536
190 5.19246268181264
191 5.39142950968342
192 5.27649361608928
193 5.47501157362581
194 5.50348234823712
195 5.56950675079304
196 5.66441063091544
197 5.75135267067504
198 5.88541484556064
199 5.87570256678530
200 5.95514695802827
201 6.04019303306934
202 6.15694263567605
203 6.25580034348003
204 6.36730912917021
205 6.23809870315295
206 6.33611866684655
207 6.40704762816169
208 6.53373151038298
209 6.59298431475407
210 6.56373907072804
211 6.69495509353459
212 6.67280581810724
213 6.68402477550690
214 6.71126586047717
215 6.72491685644442
216 6.77573847337315
217 6.80146203893916
218 6.78675541852178
219 6.89413992013832
220 6.76958821033142
221 6.91300942751860
222 6.80213495683934
223 6.90078711385495
224 6.84258305532147
225 6.85391973131026
226 6.81859251978360
227 6.69037571211428
228 6.75534474098944
229 6.73433419961191
230 6.83272072239785
231 6.76806629890009
232 6.77110474015632
233 6.66586244321976
234 6.72207271467581
235 6.74736032192883
236 6.75509228682090
237 6.75127414173363
238 6.79210895457501
239 6.82022578207856
240 6.70329418838664
241 6.72246739939816
242 6.78730881179303
243 6.80882151156360
244 6.81486442394652
245 6.82334817042701
246 6.77942558901502
247 6.86992201181716
248 6.87462839901982
249 6.87236586961152
250 6.85831093174920
251 7.00942308688047
252 6.88282896496728
253 6.87813644339726
254 6.92692492226732
255 6.92335351308378
256 6.86910480984432
257 6.93048311880968
258 6.87204160299023
259 6.73711568918580
260 6.82258399297675
261 6.75024002526666
262 6.75155422784459
263 6.55739469219330
264 6.59635337792729
265 6.47015313001041
266 6.44165294060195
267 6.40992446007765
268 6.27761599582126
269 6.20014556582902
270 6.15448416516135
271 6.06862522009045
272 5.93978964794455
273 5.80799282362221
274 5.77792396990361
275 5.66161270220744
276 5.63532712856825
277 5.41028125105416
278 5.29864299288024
279 5.32773493680566
280 5.21464456755402
281 5.13468906260505
282 5.07348188446779
283 4.92365829670640
284 4.89387968973357
285 4.81669691879679
286 4.83432579448794
287 4.70090696645327
288 4.71643713479914
289 4.65489986237521
290 4.67558276014237
291 4.68873168303557
292 4.66964351623660
293 4.65551958785883
294 4.61130361305268
295 4.64205431572603
296 4.67766276230441
297 4.73261539415392
298 4.71713047320239
299 4.73909177866375
300 4.87320792340948
