SpaceNow
301
0 7.29247901803756
1 7.31976802996538
2 7.32356858412988
3 7.30570416524538
4 7.22026476854973
5 7.23414007495748
6 7.22303560578737
7 7.22884772786049
8 7.24891174293514
9 7.18822022442420
10 7.14999304686444
11 7.07739584557553
12 7.12410081838650
13 7.03755584576045
14 7.03167274358059
15 6.94891076062066
16 6.89095765194598
17 6.84037305333991
18 6.77347208111382
19 6.76052755836307
20 6.70644131527561
21 6.64416225319631
22 6.54500450467617
23 6.53243209298391
24 6.44175070751171
25 6.40140156227743
26 6.28633625809541
27 6.23119800598837
28 6.25487981803499
29 6.14796828644237
30 6.11329098829068
31 6.04107430380712
32 6.02836856085185
33 5.97121088998318
34 5.93118220190367
35 5.84272723185718
36 5.81107085209644
37 5.76599298686383
38 5.76913605018356
39 5.70096858957318
40 5.71241245261602
41 5.72050935991888
42 5.72936894717979
43 5.67259314963622
44 5.75128142949726
45 5.71858540564614
46 5.74611707741133
47 5.69869011374455
48 5.75185251899927
49 5.79941468594335
50 5.80109004680861
51 5.80883827491308
52 5.87279778712687
53 6.02032830778927
54 5.97225094329950
55 6.02686654964621
56 6.04804987305997
57 6.10141831897547
58 6.19105940445476
59 6.22445757360882
60 6.30448751798109
61 6.41350157817357
62 6.42307779771993
63 6.51299434430514
64 6.64203955811485
65 6.67751997160680
66 6.63421699428295
67 6.79800128066915
68 6.81083641685193
69 6.85363972705003
70 6.93714220999612
71 6.93885187836632
72 7.04451085517091
73 7.08980392386247
74 7.11316463326856
75 7.18567812207655
76 7.18402576111138
77 7.14957373212300
78 7.17600658317611
79 7.22649002794069
80 7.24621056884800
81 7.26324696549347
82 7.25610069355124
83 7.27086424362546
84 7.13085116154895
85 7.14520962149825
86 7.15713569788943
87 7.07473564721661
88 7.06754610174279
89 6.99654498428452
90 7.01668711421041
91 6.91386137260338
92 6.84310435908161
93 6.80069627986872
94 6.72694569100386
95 6.65409514454814
96 6.53038781431641
97 6.45831906027567
98 6.38784491466274
99 6.35481814019116
100 6.26193733429329
101 6.13432707311590
102 6.05767976197915
103 5.96671903088169
104 5.93114493511307
105 5.82416401906361
106 5.74764752376501
107 5.67724682554848
108 5.56822205565301
109 5.52051837492075
110 5.43546039573262
111 5.31945644315802
112 5.30179807987292
113 5.24137182937845
114 5.20307460926968
115 5.17304523284945
116 5.17848502882618
117 5.08363558644228
118 5.10941023720530
119 5.00948378874893
120 5.02617150112312
121 5.02774089819068
122 4.96905188176788
123 4.95954801386786
124 5.04678705119610
125 4.92514091809567
126 4.98420325904633
127 5.01005804373876
128 5.02671182071819
129 5.10740073965785
130 5.14135747950943
131 5.16024400443337
132 5.21926363174372
133 5.20794196424237
134 5.26003980560630
135 5.29359998620854
136 5.38185489819140
137 5.42991387935056
138 5.48580821346954
139 5.53056038597490
140 5.57337276581945
141 5.67546292926713
142 5.73022542505146
143 5.73344126523758
144 5.82521919724713
145 5.83108258439000
146 5.90479907762583
147 5.89843509993783
148 5.99209792862452
149 6.01644018686272
150 6.07175324897468
151 6.01224811714117
152 6.05968403723051
153 6.09829745018461
154 6.10813672765843
155 6.12089271227061
156 6.12487770331640
157 6.11408134893586
158 6.07802158935937
159 6.11285721521758
160 6.08015446730296
161 6.08267603777314
162 6.04249606837150
163 6.03949783824068
164 5.98827168259916
165 5.99936229473334
166 5.90054278377303
167 5.87911673095026
168 5.85198404972059
169 5.83038999831024
170 5.73907747673443
171 5.71917242646733
172 5.63952478047236
173 5.59128067955045
174 5.59778598548413
175 5.47101239764209
176 5.42754103883512
177 5.40540706252570
178 5.33981486564899
179 5.26101862959999
180 5.23178859452372
181 5.17868110979364
182 5.09742516364342
183 5.13123719043427
184 5.03968249553118
185 4.98417696918316
186 4.92738341342784
187 4.94815775848938
188 4.88838242918244
189 4.87362731550198
190 4.83374021895624
191 4.84941959679196
192 4.82624954727869
193 4.84126116162762
194 4.84175040357399
195 4.75595814935709
196 4.76952595425655
197 4.77657222437140
198 4.79306757159905
199 4.80690212032849
200 4.76388902617458
201 4.74665980541886
202 4.79531955016477
203 4.79504510727693
204 4.83707070200747
205 4.83890923894973
206 4.84853708364735
207 4.86675371253945
208 4.90128461011767
209 4.97612724117637
210 4.95739996056783
211 4.98408265252854
212 5.00748915570244
213 5.01718585349743
214 5.00532036852558
215 5.02866176970886
216 5.00274581800114
217 5.08592517196894
218 5.06730656228268
219 5.09838596741278
220 5.04541238453122
221 5.08086170115354
222 5.12981348242257
223 5.10461953466993
224 5.09224683944715
225 5.09632324273159
226 5.09108479500440
227 5.09492150841370
228 5.10167458705496
229 5.07373958724015
230 5.06894059053127
231 5.01710806535618
232 5.01675106783570
233 4.97018146217416
234 4.94926098149084
235 4.94517577711523
236 4.88299593325796
237 4.86139844532917
238 4.77798932884794
239 4.81243592010077
240 4.75016750036268
241 4.74158237230071
242 4.70621301294802
243 4.59215269667246
244 4.59156104268123
245 4.53244708419042
246 4.52341193180083
247 4.47404453081533
248 4.43883368308077
249 4.33349782048053
250 4.34917025498949
251 4.25375977004588
252 4.24998359521192
253 4.21347095568748
254 4.21612008861367
255 4.15945742973274
256 4.11503649815238
257 4.05676777105742
258 4.02796200907135
259 4.02478788669123
260 3.97807846752298
261 3.91711130190734
262 3.97737335324167
263 3.91965538710441
264 3.87859925721241
265 3.92230125599816
266 3.89288542122401
267 3.90155889136661
268 3.81361174527993
269 3.84756071520844
270 3.87350642906020
271 3.90619029642607
272 3.89313074239096
273 3.84612226624697
274 3.82723133749903
275 3.91465349992475
276 3.85908936095792
277 3.87574132871325
278 3.89651778419322
279 3.91433680488402
280 3.90365291868631
281 3.89055698290746
282 3.94129041531749
283 4.00299252917410
284 3.94182600694511
285 4.02647608859868
286 4.01275569707883
287 4.00942980210576
288 4.07420381440898
289 4.07947604364554
290 4.09443413344954
291 4.16188650176370
292 4.05291470614435
293 4.09762198246737
294 4.16606044112034
295 4.11054123572255
296 4.15854042839127
297 4.19012854501416
298 4.14445362298618
299 4.18487788130673
300 4.19706761058522
