SuperFuture
301
0 7.53590386285166
1 7.24651375452780
2 7.68064696873393
3 7.46210460428423
4 7.31922910330465
5 7.23036649635602
6 7.39843349296273
7 7.07542707482520
8 7.04943254569123
9 7.05842991645857
10 7.32877074514776
11 7.03745212396909
12 7.10877387491868
13 7.21073068726327
14 6.79342318806169
15 6.68471839908460
16 6.52221557083838
17 6.48810607081222
18 6.85725688267999
19 6.72077249188907
20 6.86333862184706
21 6.45296846466725
22 6.25838231092862
23 6.30901456757873
24 6.58254424740015
25 6.29856115546610
26 6.25553668229343
27 6.18462016134871
28 6.40792787488188
29 6.46893832615235
30 6.32805119413401
31 6.10788096565136
32 6.14753170083921
33 6.54899364944262
34 6.40686608927324
35 6.30430771018298
36 6.18401952171876
37 6.45403872658140
38 6.73033921891346
39 6.36580816769539
40 6.47308418547020
41 6.57354245850989
42 6.40336749787188
43 6.86317472591678
44 6.89447991566404
45 6.36609328155359
46 6.87985562844030
47 6.45740190130664
48 6.92701042728445
49 7.12157071309690
50 7.03536384350409
51 6.94524563070164
52 7.24596020292680
53 7.00765250995409
54 6.84216578644942
55 7.07416519149231
56 6.95708608283149
57 7.00059448096435
58 7.65431263577246
59 7.02834240578268
60 6.72208606658555
61 7.01385019722406
62 6.73993684872208
63 7.22662885783534
64 6.53322838014321
65 6.82178490288936
66 6.78393481764222
67 6.68186117500098
68 6.51034899516589
69 6.12952673261060
70 6.32888433717043
71 6.20998866424275
72 6.36349730499000
73 6.18092605746289
74 5.91017828781989
75 5.90330850345912
76 5.31912496342037
77 5.38205580386094
78 5.57509296882719
79 5.45685446555863
80 5.24733160031546
81 4.88096257290924
82 4.83626889328764
83 4.64656014044604
84 4.27033241837550
85 4.55447644841760
86 4.45898372671169
87 4.37635770413570
88 4.19416810100603
89 4.09726097079341
90 3.96184575962103
91 3.92521720849907
92 3.87858903298191
93 3.73567255913086
94 4.04875540640741
95 4.11390286574165
96 4.01469996020102
97 3.84380036135481
98 3.60238441843761
99 3.74650904042873
100 3.82731169865672
101 3.78888487036741
102 3.82942532065935
103 3.80430093814892
104 3.97548259882502
105 4.05898355955364
106 3.87587949738020
107 4.34253946628564
108 4.20761368288663
109 4.19082168206514
110 4.24043669182641
111 3.98774781170896
112 4.27248220523806
113 4.19489418564869
114 4.20391627346840
115 4.35630652313457
116 4.29511661180327
117 4.57648920217755
118 4.60732643297567
119 4.59170776543822
120 4.28563914104879
121 4.57031609499259
122 4.36068195585166
123 4.47171477945531
124 4.26470135867949
125 4.60452581994121
126 4.45102307270537
127 4.17316785792603
128 4.43455866028956
129 4.11532543808425
130 4.07850216878463
131 4.24727658187743
132 3.89864089794042
133 3.92065236340122
134 3.98709895263649
135 3.93092792097831
136 4.18822383618040
137 3.83910729086654
138 3.99019090893590
139 3.58926641894200
140 3.66393312815180
141 3.87367556219920
142 3.39104543019511
143 3.68289153601340
144 3.44206116000486
145 3.31591519212752
146 3.27108142034301
147 3.52577652529577
148 3.19801725950379
149 3.39517332113713
150 3.69545431972692
151 3.61684346065046
152 3.49888178710104
153 3.42604029256557
154 3.45877366724042
155 3.63965985806737
156 3.34971713015391
157 3.86621266549704
158 3.60798202233006
159 3.48402513829189
160 3.43029680217177
161 3.77016470840397
162 3.66655349227551
163 3.59974912662836
164 3.43403504574504
165 4.01696778287662
166 3.98681684202482
167 3.87141717964864
168 3.63344124336427
169 3.96101926282402
170 4.01603802239440
171 3.85859065606158
172 4.05178594276681
173 4.04881488022018
174 4.14423313296211
175 4.15491512405411
176 3.78685010708575
177 3.95674907210723
178 3.88597023282454
179 4.23938664160373
180 3.93337384083527
181 3.99296755202521
182 4.10513860616658
183 4.00298240409771
184 4.06721181591016
185 4.45378349851596
186 4.04268283006357
187 4.25364370759571
188 4.16116788138616
189 4.51611414673048
190 4.49159653338223
191 4.43804712329367
192 4.11158986107406
193 4.21904565667971
194 4.22825263925766
195 4.04480979291537
196 4.48418985083086
197 4.40487445919927
198 4.53086438243117
199 4.51784548291622
200 4.38515789060672
201 4.26777863786748
202 4.45177702206370
203 4.55494697974040
204 4.41649700362927
205 4.45800955091197
206 5.00163714236915
207 4.96357341832106
208 4.76720802765855
209 5.19061855887748
210 5.00042076634397
211 4.81140244632830
212 4.86348256134609
213 4.94968745405385
214 4.96100743651580
215 5.31699667994083
216 4.98525564980081
217 5.06229385898415
218 4.90259336825869
219 5.19577899367437
220 5.13921893350511
221 5.28173245872202
222 4.84180053587261
223 4.94351698712191
224 5.06452185588037
225 4.89693016468882
226 4.75699684185993
227 4.90448238582658
228 5.27783782635457
229 5.09012085013394
230 5.34553620741657
231 4.83049151311043
232 5.16124890077148
233 5.02668694757269
234 4.91974159220554
235 4.71417307016036
236 4.85667814366990
237 4.97080639260451
238 4.99364781513801
239 5.11482441294084
240 4.72856910321638
241 4.96943747918357
242 4.97187983600950
243 4.89567100915711
244 4.72197170859646
245 4.93977876112831
246 4.92101793935026
247 4.77600418167245
248 4.72229858919673
249 5.02606624945000
250 4.94226862835852
251 5.20462785112321
252 5.05306300002326
253 4.99766555885255
254 5.10146896322316
255 5.49471110491457
256 5.22331313107318
257 5.12859341556981
258 5.42824636668384
259 5.60938787664006
260 5.77771474990762
261 5.90400134805119
262 5.77173972130400
263 6.02450075150855
264 6.31384638744819
265 6.29773078343363
266 6.09957901579956
267 6.05469066951032
268 6.39162342357125
269 6.43516734380052
270 6.89614792577661
271 6.92235348352196
272 6.83424071247270
273 6.62541084618969
274 6.89896152068819
275 7.04019545192985
276 7.17668193641616
277 7.40460178606322
278 7.13456088853643
279 7.20726072474739
280 7.20976964041020
281 7.52263228805562
282 7.35303604981967
283 7.28427205914117
284 7.16542566845027
285 7.20842320914415
286 7.43256776644234
287 7.40887209219104
288 7.25355249317767
289 7.28378718643248
290 6.73816635473302
291 7.15361602213510
292 6.96920967843483
293 6.75591024490803
294 6.77227839344412
295 6.93497427905839
296 6.72408894179831
297 6.66642500943359
298 6.74800035385640
299 6.38676095772336
300 6.31300461762607
